sheet_builder.find_encapsuling_cylinder()

28 atoms
29 bonds

3 atom types
1 bond types

 -4.1748739968   4.0983662480    xlo  xhi  
 -4.2514485519   4.0262703187    ylo  yhi  
 -0.5160471805   6.6542796189    zlo  zhi  

Masses

 1   12.00000  # C
 2   1.00800   # H
 3   0.00000   # O

Bond Coeffs

 1                 0               0

Atoms # full

  1     1   1   0.000000   -0.581912216     0.376777030     1.290833942   0  0  0  # C
  2     1   1   0.000000    0.552908384    -0.372392218     1.304823064   0  0  0  # C
  3     1   1   0.000000    1.367317315    -0.439124857     0.016047180   0  0  0  # C
  4     1   1   0.000000   -1.367317315     0.439124857    -0.016047180   0  0  0  # C
  5     1   1   0.000000    0.155423398    -1.400578059     3.412212430   0  0  0  # C
  6     1   1   0.000000    2.182800864    -1.691404028     2.425852229   0  0  0  # C
  7     1   1   0.000000    2.585246898    -2.435713321     3.468118340   0  0  0  # C
  8     1   1   0.000000    1.782887712    -2.668013286     4.517365195   0  0  0  # C
  9     1   1   0.000000    0.549658769    -2.144721824     4.457343436   0  0  0  # C
  10    1   1   0.000000   -2.236691658     1.699790216     2.370217106   0  0  0  # C
  11    1   1   0.000000   -2.662431934     2.448036942     3.400487020   0  0  0  # C
  12    1   1   0.000000   -1.883638443     2.684338475     4.466577267   0  0  0  # C
  13    1   1   0.000000   -0.649998918     2.159483755     4.436759738   0  0  0  # C
  14    1   1   0.000000   -0.232473702     1.411848281     3.403445293   0  0  0  # C
  15    1   1   0.000000    0.965927961    -1.109294054     2.371226071   0  0  0  # C
  16    1   1   0.000000   -1.019007831     1.117364921     2.345210463   0  0  0  # C
  17    1   3   0.000000   -2.302607600     3.447276933     5.511274756   0  0  0  # O
  18    1   3   0.000000    2.192539933    -3.429641776     5.566645310   0  0  0  # O
  19    1   2   0.000000   -0.897326740    -1.075278289     3.439085212   0  0  0  # H
  20    1   2   0.000000    2.926040917    -1.576739874     1.622308923   0  0  0  # H
  21    1   2   0.000000    3.598366248    -2.873471293     3.466569329   0  0  0  # H
  22    1   2   0.000000   -0.156953794    -2.350986186     5.279557008   0  0  0  # H
  23    1   2   0.000000   -2.961709905     1.582313914     1.550534362   0  0  0  # H
  24    1   2   0.000000   -3.674873997     2.886447364     3.375882530   0  0  0  # H
  25    1   2   0.000000    0.038570873     2.367068724     5.273625852   0  0  0  # H
  26    1   2   0.000000    0.819195734     1.086053797     3.455548757   0  0  0  # H
  27    1   2   0.000000   -1.579400837     3.526270319     6.154279619   0  0  0  # H
  28    1   2   0.000000    3.091648271    -3.751448552     5.391421808   0  0  0  # H

Bonds

1  1  1  2 
2  1  4  1 
3  1  1  16
4  1  2  3 
5  1  2  15
6  1  5  9 
7  1  5  15
8  1  5  19
9  1  7  6 
10 1  6  15
11 1  6  20
12 1  8  7 
13 1  7  21
14 1  9  8 
15 1  8  18
16 1  9  22
17 1  10 11
18 1  10 16
19 1  10 23
20 1  11 12
21 1  11 24
22 1  12 13
23 1  12 17
24 1  13 14
25 1  13 25
26 1  14 16
27 1  14 26
28 1  17 27
29 1  18 28
