HEADER, created with sheet_builder v1.3 / 9 June 2025

336 atoms
504 bonds

1 atom types
1 bond types

-14.7570728805   14.7570728805   xlo  xhi  
-14.9100000000   14.9100000000   ylo  yhi  
 -1.6770000000   1.6770000000    zlo  zhi  

Masses

 1   12.01100  # C

Bond Coeffs

 1                 0               0

Atoms # full

  1     1   1   0.000000   -14.047072880   -14.200000000    0.000000000   0  0  0  # C
  2     1   1   0.000000   -12.817316807   -13.490000000    0.000000000   0  0  0  # C
  3     1   1   0.000000   -12.817316807   -12.070000000    0.000000000   0  0  0  # C
  4     1   1   0.000000   -14.047072880   -11.360000000    0.000000000   0  0  0  # C
  5     1   1   0.000000   -14.047072880   -9.940000000     0.000000000   0  0  0  # C
  6     1   1   0.000000   -12.817316807   -9.230000000     0.000000000   0  0  0  # C
  7     1   1   0.000000   -12.817316807   -7.810000000     0.000000000   0  0  0  # C
  8     1   1   0.000000   -14.047072880   -7.100000000     0.000000000   0  0  0  # C
  9     1   1   0.000000   -14.047072880   -5.680000000     0.000000000   0  0  0  # C
  10    1   1   0.000000   -12.817316807   -4.970000000     0.000000000   0  0  0  # C
  11    1   1   0.000000   -12.817316807   -3.550000000     0.000000000   0  0  0  # C
  12    1   1   0.000000   -14.047072880   -2.840000000     0.000000000   0  0  0  # C
  13    1   1   0.000000   -14.047072880   -1.420000000     0.000000000   0  0  0  # C
  14    1   1   0.000000   -12.817316807   -0.710000000     0.000000000   0  0  0  # C
  15    1   1   0.000000   -12.817316807    0.710000000     0.000000000   0  0  0  # C
  16    1   1   0.000000   -14.047072880    1.420000000     0.000000000   0  0  0  # C
  17    1   1   0.000000   -14.047072880    2.840000000     0.000000000   0  0  0  # C
  18    1   1   0.000000   -12.817316807    3.550000000     0.000000000   0  0  0  # C
  19    1   1   0.000000   -12.817316807    4.970000000     0.000000000   0  0  0  # C
  20    1   1   0.000000   -14.047072880    5.680000000     0.000000000   0  0  0  # C
  21    1   1   0.000000   -14.047072880    7.100000000     0.000000000   0  0  0  # C
  22    1   1   0.000000   -12.817316807    7.810000000     0.000000000   0  0  0  # C
  23    1   1   0.000000   -12.817316807    9.230000000     0.000000000   0  0  0  # C
  24    1   1   0.000000   -14.047072880    9.940000000     0.000000000   0  0  0  # C
  25    1   1   0.000000   -14.047072880   11.360000000     0.000000000   0  0  0  # C
  26    1   1   0.000000   -12.817316807   12.070000000     0.000000000   0  0  0  # C
  27    1   1   0.000000   -12.817316807   13.490000000     0.000000000   0  0  0  # C
  28    1   1   0.000000   -14.047072880   14.200000000     0.000000000   0  0  0  # C
  29    1   1   0.000000   -11.587560734   -14.200000000    0.000000000   0  0  0  # C
  30    1   1   0.000000   -10.357804660   -13.490000000    0.000000000   0  0  0  # C
  31    1   1   0.000000   -10.357804660   -12.070000000    0.000000000   0  0  0  # C
  32    1   1   0.000000   -11.587560734   -11.360000000    0.000000000   0  0  0  # C
  33    1   1   0.000000   -11.587560734   -9.940000000     0.000000000   0  0  0  # C
  34    1   1   0.000000   -10.357804660   -9.230000000     0.000000000   0  0  0  # C
  35    1   1   0.000000   -10.357804660   -7.810000000     0.000000000   0  0  0  # C
  36    1   1   0.000000   -11.587560734   -7.100000000     0.000000000   0  0  0  # C
  37    1   1   0.000000   -11.587560734   -5.680000000     0.000000000   0  0  0  # C
  38    1   1   0.000000   -10.357804660   -4.970000000     0.000000000   0  0  0  # C
  39    1   1   0.000000   -10.357804660   -3.550000000     0.000000000   0  0  0  # C
  40    1   1   0.000000   -11.587560734   -2.840000000     0.000000000   0  0  0  # C
  41    1   1   0.000000   -11.587560734   -1.420000000     0.000000000   0  0  0  # C
  42    1   1   0.000000   -10.357804660   -0.710000000     0.000000000   0  0  0  # C
  43    1   1   0.000000   -10.357804660    0.710000000     0.000000000   0  0  0  # C
  44    1   1   0.000000   -11.587560734    1.420000000     0.000000000   0  0  0  # C
  45    1   1   0.000000   -11.587560734    2.840000000     0.000000000   0  0  0  # C
  46    1   1   0.000000   -10.357804660    3.550000000     0.000000000   0  0  0  # C
  47    1   1   0.000000   -10.357804660    4.970000000     0.000000000   0  0  0  # C
  48    1   1   0.000000   -11.587560734    5.680000000     0.000000000   0  0  0  # C
  49    1   1   0.000000   -11.587560734    7.100000000     0.000000000   0  0  0  # C
  50    1   1   0.000000   -10.357804660    7.810000000     0.000000000   0  0  0  # C
  51    1   1   0.000000   -10.357804660    9.230000000     0.000000000   0  0  0  # C
  52    1   1   0.000000   -11.587560734    9.940000000     0.000000000   0  0  0  # C
  53    1   1   0.000000   -11.587560734   11.360000000     0.000000000   0  0  0  # C
  54    1   1   0.000000   -10.357804660   12.070000000     0.000000000   0  0  0  # C
  55    1   1   0.000000   -10.357804660   13.490000000     0.000000000   0  0  0  # C
  56    1   1   0.000000   -11.587560734   14.200000000     0.000000000   0  0  0  # C
  57    1   1   0.000000   -9.128048587    -14.200000000    0.000000000   0  0  0  # C
  58    1   1   0.000000   -7.898292514    -13.490000000    0.000000000   0  0  0  # C
  59    1   1   0.000000   -7.898292514    -12.070000000    0.000000000   0  0  0  # C
  60    1   1   0.000000   -9.128048587    -11.360000000    0.000000000   0  0  0  # C
  61    1   1   0.000000   -9.128048587    -9.940000000     0.000000000   0  0  0  # C
  62    1   1   0.000000   -7.898292514    -9.230000000     0.000000000   0  0  0  # C
  63    1   1   0.000000   -7.898292514    -7.810000000     0.000000000   0  0  0  # C
  64    1   1   0.000000   -9.128048587    -7.100000000     0.000000000   0  0  0  # C
  65    1   1   0.000000   -9.128048587    -5.680000000     0.000000000   0  0  0  # C
  66    1   1   0.000000   -7.898292514    -4.970000000     0.000000000   0  0  0  # C
  67    1   1   0.000000   -7.898292514    -3.550000000     0.000000000   0  0  0  # C
  68    1   1   0.000000   -9.128048587    -2.840000000     0.000000000   0  0  0  # C
  69    1   1   0.000000   -9.128048587    -1.420000000     0.000000000   0  0  0  # C
  70    1   1   0.000000   -7.898292514    -0.710000000     0.000000000   0  0  0  # C
  71    1   1   0.000000   -7.898292514     0.710000000     0.000000000   0  0  0  # C
  72    1   1   0.000000   -9.128048587     1.420000000     0.000000000   0  0  0  # C
  73    1   1   0.000000   -9.128048587     2.840000000     0.000000000   0  0  0  # C
  74    1   1   0.000000   -7.898292514     3.550000000     0.000000000   0  0  0  # C
  75    1   1   0.000000   -7.898292514     4.970000000     0.000000000   0  0  0  # C
  76    1   1   0.000000   -9.128048587     5.680000000     0.000000000   0  0  0  # C
  77    1   1   0.000000   -9.128048587     7.100000000     0.000000000   0  0  0  # C
  78    1   1   0.000000   -7.898292514     7.810000000     0.000000000   0  0  0  # C
  79    1   1   0.000000   -7.898292514     9.230000000     0.000000000   0  0  0  # C
  80    1   1   0.000000   -9.128048587     9.940000000     0.000000000   0  0  0  # C
  81    1   1   0.000000   -9.128048587    11.360000000     0.000000000   0  0  0  # C
  82    1   1   0.000000   -7.898292514    12.070000000     0.000000000   0  0  0  # C
  83    1   1   0.000000   -7.898292514    13.490000000     0.000000000   0  0  0  # C
  84    1   1   0.000000   -9.128048587    14.200000000     0.000000000   0  0  0  # C
  85    1   1   0.000000   -6.668536440    -14.200000000    0.000000000   0  0  0  # C
  86    1   1   0.000000   -5.438780367    -13.490000000    0.000000000   0  0  0  # C
  87    1   1   0.000000   -5.438780367    -12.070000000    0.000000000   0  0  0  # C
  88    1   1   0.000000   -6.668536440    -11.360000000    0.000000000   0  0  0  # C
  89    1   1   0.000000   -6.668536440    -9.940000000     0.000000000   0  0  0  # C
  90    1   1   0.000000   -5.438780367    -9.230000000     0.000000000   0  0  0  # C
  91    1   1   0.000000   -5.438780367    -7.810000000     0.000000000   0  0  0  # C
  92    1   1   0.000000   -6.668536440    -7.100000000     0.000000000   0  0  0  # C
  93    1   1   0.000000   -6.668536440    -5.680000000     0.000000000   0  0  0  # C
  94    1   1   0.000000   -5.438780367    -4.970000000     0.000000000   0  0  0  # C
  95    1   1   0.000000   -5.438780367    -3.550000000     0.000000000   0  0  0  # C
  96    1   1   0.000000   -6.668536440    -2.840000000     0.000000000   0  0  0  # C
  97    1   1   0.000000   -6.668536440    -1.420000000     0.000000000   0  0  0  # C
  98    1   1   0.000000   -5.438780367    -0.710000000     0.000000000   0  0  0  # C
  99    1   1   0.000000   -5.438780367     0.710000000     0.000000000   0  0  0  # C
 100    1   1   0.000000   -6.668536440     1.420000000     0.000000000   0  0  0  # C
 101    1   1   0.000000   -6.668536440     2.840000000     0.000000000   0  0  0  # C
 102    1   1   0.000000   -5.438780367     3.550000000     0.000000000   0  0  0  # C
 103    1   1   0.000000   -5.438780367     4.970000000     0.000000000   0  0  0  # C
 104    1   1   0.000000   -6.668536440     5.680000000     0.000000000   0  0  0  # C
 105    1   1   0.000000   -6.668536440     7.100000000     0.000000000   0  0  0  # C
 106    1   1   0.000000   -5.438780367     7.810000000     0.000000000   0  0  0  # C
 107    1   1   0.000000   -5.438780367     9.230000000     0.000000000   0  0  0  # C
 108    1   1   0.000000   -6.668536440     9.940000000     0.000000000   0  0  0  # C
 109    1   1   0.000000   -6.668536440    11.360000000     0.000000000   0  0  0  # C
 110    1   1   0.000000   -5.438780367    12.070000000     0.000000000   0  0  0  # C
 111    1   1   0.000000   -5.438780367    13.490000000     0.000000000   0  0  0  # C
 112    1   1   0.000000   -6.668536440    14.200000000     0.000000000   0  0  0  # C
 113    1   1   0.000000   -4.209024293    -14.200000000    0.000000000   0  0  0  # C
 114    1   1   0.000000   -2.979268220    -13.490000000    0.000000000   0  0  0  # C
 115    1   1   0.000000   -2.979268220    -12.070000000    0.000000000   0  0  0  # C
 116    1   1   0.000000   -4.209024293    -11.360000000    0.000000000   0  0  0  # C
 117    1   1   0.000000   -4.209024293    -9.940000000     0.000000000   0  0  0  # C
 118    1   1   0.000000   -2.979268220    -9.230000000     0.000000000   0  0  0  # C
 119    1   1   0.000000   -2.979268220    -7.810000000     0.000000000   0  0  0  # C
 120    1   1   0.000000   -4.209024293    -7.100000000     0.000000000   0  0  0  # C
 121    1   1   0.000000   -4.209024293    -5.680000000     0.000000000   0  0  0  # C
 122    1   1   0.000000   -2.979268220    -4.970000000     0.000000000   0  0  0  # C
 123    1   1   0.000000   -2.979268220    -3.550000000     0.000000000   0  0  0  # C
 124    1   1   0.000000   -4.209024293    -2.840000000     0.000000000   0  0  0  # C
 125    1   1   0.000000   -4.209024293    -1.420000000     0.000000000   0  0  0  # C
 126    1   1   0.000000   -2.979268220    -0.710000000     0.000000000   0  0  0  # C
 127    1   1   0.000000   -2.979268220     0.710000000     0.000000000   0  0  0  # C
 128    1   1   0.000000   -4.209024293     1.420000000     0.000000000   0  0  0  # C
 129    1   1   0.000000   -4.209024293     2.840000000     0.000000000   0  0  0  # C
 130    1   1   0.000000   -2.979268220     3.550000000     0.000000000   0  0  0  # C
 131    1   1   0.000000   -2.979268220     4.970000000     0.000000000   0  0  0  # C
 132    1   1   0.000000   -4.209024293     5.680000000     0.000000000   0  0  0  # C
 133    1   1   0.000000   -4.209024293     7.100000000     0.000000000   0  0  0  # C
 134    1   1   0.000000   -2.979268220     7.810000000     0.000000000   0  0  0  # C
 135    1   1   0.000000   -2.979268220     9.230000000     0.000000000   0  0  0  # C
 136    1   1   0.000000   -4.209024293     9.940000000     0.000000000   0  0  0  # C
 137    1   1   0.000000   -4.209024293    11.360000000     0.000000000   0  0  0  # C
 138    1   1   0.000000   -2.979268220    12.070000000     0.000000000   0  0  0  # C
 139    1   1   0.000000   -2.979268220    13.490000000     0.000000000   0  0  0  # C
 140    1   1   0.000000   -4.209024293    14.200000000     0.000000000   0  0  0  # C
 141    1   1   0.000000   -1.749512147    -14.200000000    0.000000000   0  0  0  # C
 142    1   1   0.000000   -0.519756073    -13.490000000    0.000000000   0  0  0  # C
 143    1   1   0.000000   -0.519756073    -12.070000000    0.000000000   0  0  0  # C
 144    1   1   0.000000   -1.749512147    -11.360000000    0.000000000   0  0  0  # C
 145    1   1   0.000000   -1.749512147    -9.940000000     0.000000000   0  0  0  # C
 146    1   1   0.000000   -0.519756073    -9.230000000     0.000000000   0  0  0  # C
 147    1   1   0.000000   -0.519756073    -7.810000000     0.000000000   0  0  0  # C
 148    1   1   0.000000   -1.749512147    -7.100000000     0.000000000   0  0  0  # C
 149    1   1   0.000000   -1.749512147    -5.680000000     0.000000000   0  0  0  # C
 150    1   1   0.000000   -0.519756073    -4.970000000     0.000000000   0  0  0  # C
 151    1   1   0.000000   -0.519756073    -3.550000000     0.000000000   0  0  0  # C
 152    1   1   0.000000   -1.749512147    -2.840000000     0.000000000   0  0  0  # C
 153    1   1   0.000000   -1.749512147    -1.420000000     0.000000000   0  0  0  # C
 154    1   1   0.000000   -0.519756073    -0.710000000     0.000000000   0  0  0  # C
 155    1   1   0.000000   -0.519756073     0.710000000     0.000000000   0  0  0  # C
 156    1   1   0.000000   -1.749512147     1.420000000     0.000000000   0  0  0  # C
 157    1   1   0.000000   -1.749512147     2.840000000     0.000000000   0  0  0  # C
 158    1   1   0.000000   -0.519756073     3.550000000     0.000000000   0  0  0  # C
 159    1   1   0.000000   -0.519756073     4.970000000     0.000000000   0  0  0  # C
 160    1   1   0.000000   -1.749512147     5.680000000     0.000000000   0  0  0  # C
 161    1   1   0.000000   -1.749512147     7.100000000     0.000000000   0  0  0  # C
 162    1   1   0.000000   -0.519756073     7.810000000     0.000000000   0  0  0  # C
 163    1   1   0.000000   -0.519756073     9.230000000     0.000000000   0  0  0  # C
 164    1   1   0.000000   -1.749512147     9.940000000     0.000000000   0  0  0  # C
 165    1   1   0.000000   -1.749512147    11.360000000     0.000000000   0  0  0  # C
 166    1   1   0.000000   -0.519756073    12.070000000     0.000000000   0  0  0  # C
 167    1   1   0.000000   -0.519756073    13.490000000     0.000000000   0  0  0  # C
 168    1   1   0.000000   -1.749512147    14.200000000     0.000000000   0  0  0  # C
 169    1   1   0.000000    0.710000000    -14.200000000    0.000000000   0  0  0  # C
 170    1   1   0.000000    1.939756073    -13.490000000    0.000000000   0  0  0  # C
 171    1   1   0.000000    1.939756073    -12.070000000    0.000000000   0  0  0  # C
 172    1   1   0.000000    0.710000000    -11.360000000    0.000000000   0  0  0  # C
 173    1   1   0.000000    0.710000000    -9.940000000     0.000000000   0  0  0  # C
 174    1   1   0.000000    1.939756073    -9.230000000     0.000000000   0  0  0  # C
 175    1   1   0.000000    1.939756073    -7.810000000     0.000000000   0  0  0  # C
 176    1   1   0.000000    0.710000000    -7.100000000     0.000000000   0  0  0  # C
 177    1   1   0.000000    0.710000000    -5.680000000     0.000000000   0  0  0  # C
 178    1   1   0.000000    1.939756073    -4.970000000     0.000000000   0  0  0  # C
 179    1   1   0.000000    1.939756073    -3.550000000     0.000000000   0  0  0  # C
 180    1   1   0.000000    0.710000000    -2.840000000     0.000000000   0  0  0  # C
 181    1   1   0.000000    0.710000000    -1.420000000     0.000000000   0  0  0  # C
 182    1   1   0.000000    1.939756073    -0.710000000     0.000000000   0  0  0  # C
 183    1   1   0.000000    1.939756073     0.710000000     0.000000000   0  0  0  # C
 184    1   1   0.000000    0.710000000     1.420000000     0.000000000   0  0  0  # C
 185    1   1   0.000000    0.710000000     2.840000000     0.000000000   0  0  0  # C
 186    1   1   0.000000    1.939756073     3.550000000     0.000000000   0  0  0  # C
 187    1   1   0.000000    1.939756073     4.970000000     0.000000000   0  0  0  # C
 188    1   1   0.000000    0.710000000     5.680000000     0.000000000   0  0  0  # C
 189    1   1   0.000000    0.710000000     7.100000000     0.000000000   0  0  0  # C
 190    1   1   0.000000    1.939756073     7.810000000     0.000000000   0  0  0  # C
 191    1   1   0.000000    1.939756073     9.230000000     0.000000000   0  0  0  # C
 192    1   1   0.000000    0.710000000     9.940000000     0.000000000   0  0  0  # C
 193    1   1   0.000000    0.710000000    11.360000000     0.000000000   0  0  0  # C
 194    1   1   0.000000    1.939756073    12.070000000     0.000000000   0  0  0  # C
 195    1   1   0.000000    1.939756073    13.490000000     0.000000000   0  0  0  # C
 196    1   1   0.000000    0.710000000    14.200000000     0.000000000   0  0  0  # C
 197    1   1   0.000000    3.169512147    -14.200000000    0.000000000   0  0  0  # C
 198    1   1   0.000000    4.399268220    -13.490000000    0.000000000   0  0  0  # C
 199    1   1   0.000000    4.399268220    -12.070000000    0.000000000   0  0  0  # C
 200    1   1   0.000000    3.169512147    -11.360000000    0.000000000   0  0  0  # C
 201    1   1   0.000000    3.169512147    -9.940000000     0.000000000   0  0  0  # C
 202    1   1   0.000000    4.399268220    -9.230000000     0.000000000   0  0  0  # C
 203    1   1   0.000000    4.399268220    -7.810000000     0.000000000   0  0  0  # C
 204    1   1   0.000000    3.169512147    -7.100000000     0.000000000   0  0  0  # C
 205    1   1   0.000000    3.169512147    -5.680000000     0.000000000   0  0  0  # C
 206    1   1   0.000000    4.399268220    -4.970000000     0.000000000   0  0  0  # C
 207    1   1   0.000000    4.399268220    -3.550000000     0.000000000   0  0  0  # C
 208    1   1   0.000000    3.169512147    -2.840000000     0.000000000   0  0  0  # C
 209    1   1   0.000000    3.169512147    -1.420000000     0.000000000   0  0  0  # C
 210    1   1   0.000000    4.399268220    -0.710000000     0.000000000   0  0  0  # C
 211    1   1   0.000000    4.399268220     0.710000000     0.000000000   0  0  0  # C
 212    1   1   0.000000    3.169512147     1.420000000     0.000000000   0  0  0  # C
 213    1   1   0.000000    3.169512147     2.840000000     0.000000000   0  0  0  # C
 214    1   1   0.000000    4.399268220     3.550000000     0.000000000   0  0  0  # C
 215    1   1   0.000000    4.399268220     4.970000000     0.000000000   0  0  0  # C
 216    1   1   0.000000    3.169512147     5.680000000     0.000000000   0  0  0  # C
 217    1   1   0.000000    3.169512147     7.100000000     0.000000000   0  0  0  # C
 218    1   1   0.000000    4.399268220     7.810000000     0.000000000   0  0  0  # C
 219    1   1   0.000000    4.399268220     9.230000000     0.000000000   0  0  0  # C
 220    1   1   0.000000    3.169512147     9.940000000     0.000000000   0  0  0  # C
 221    1   1   0.000000    3.169512147    11.360000000     0.000000000   0  0  0  # C
 222    1   1   0.000000    4.399268220    12.070000000     0.000000000   0  0  0  # C
 223    1   1   0.000000    4.399268220    13.490000000     0.000000000   0  0  0  # C
 224    1   1   0.000000    3.169512147    14.200000000     0.000000000   0  0  0  # C
 225    1   1   0.000000    5.629024293    -14.200000000    0.000000000   0  0  0  # C
 226    1   1   0.000000    6.858780367    -13.490000000    0.000000000   0  0  0  # C
 227    1   1   0.000000    6.858780367    -12.070000000    0.000000000   0  0  0  # C
 228    1   1   0.000000    5.629024293    -11.360000000    0.000000000   0  0  0  # C
 229    1   1   0.000000    5.629024293    -9.940000000     0.000000000   0  0  0  # C
 230    1   1   0.000000    6.858780367    -9.230000000     0.000000000   0  0  0  # C
 231    1   1   0.000000    6.858780367    -7.810000000     0.000000000   0  0  0  # C
 232    1   1   0.000000    5.629024293    -7.100000000     0.000000000   0  0  0  # C
 233    1   1   0.000000    5.629024293    -5.680000000     0.000000000   0  0  0  # C
 234    1   1   0.000000    6.858780367    -4.970000000     0.000000000   0  0  0  # C
 235    1   1   0.000000    6.858780367    -3.550000000     0.000000000   0  0  0  # C
 236    1   1   0.000000    5.629024293    -2.840000000     0.000000000   0  0  0  # C
 237    1   1   0.000000    5.629024293    -1.420000000     0.000000000   0  0  0  # C
 238    1   1   0.000000    6.858780367    -0.710000000     0.000000000   0  0  0  # C
 239    1   1   0.000000    6.858780367     0.710000000     0.000000000   0  0  0  # C
 240    1   1   0.000000    5.629024293     1.420000000     0.000000000   0  0  0  # C
 241    1   1   0.000000    5.629024293     2.840000000     0.000000000   0  0  0  # C
 242    1   1   0.000000    6.858780367     3.550000000     0.000000000   0  0  0  # C
 243    1   1   0.000000    6.858780367     4.970000000     0.000000000   0  0  0  # C
 244    1   1   0.000000    5.629024293     5.680000000     0.000000000   0  0  0  # C
 245    1   1   0.000000    5.629024293     7.100000000     0.000000000   0  0  0  # C
 246    1   1   0.000000    6.858780367     7.810000000     0.000000000   0  0  0  # C
 247    1   1   0.000000    6.858780367     9.230000000     0.000000000   0  0  0  # C
 248    1   1   0.000000    5.629024293     9.940000000     0.000000000   0  0  0  # C
 249    1   1   0.000000    5.629024293    11.360000000     0.000000000   0  0  0  # C
 250    1   1   0.000000    6.858780367    12.070000000     0.000000000   0  0  0  # C
 251    1   1   0.000000    6.858780367    13.490000000     0.000000000   0  0  0  # C
 252    1   1   0.000000    5.629024293    14.200000000     0.000000000   0  0  0  # C
 253    1   1   0.000000    8.088536440    -14.200000000    0.000000000   0  0  0  # C
 254    1   1   0.000000    9.318292514    -13.490000000    0.000000000   0  0  0  # C
 255    1   1   0.000000    9.318292514    -12.070000000    0.000000000   0  0  0  # C
 256    1   1   0.000000    8.088536440    -11.360000000    0.000000000   0  0  0  # C
 257    1   1   0.000000    8.088536440    -9.940000000     0.000000000   0  0  0  # C
 258    1   1   0.000000    9.318292514    -9.230000000     0.000000000   0  0  0  # C
 259    1   1   0.000000    9.318292514    -7.810000000     0.000000000   0  0  0  # C
 260    1   1   0.000000    8.088536440    -7.100000000     0.000000000   0  0  0  # C
 261    1   1   0.000000    8.088536440    -5.680000000     0.000000000   0  0  0  # C
 262    1   1   0.000000    9.318292514    -4.970000000     0.000000000   0  0  0  # C
 263    1   1   0.000000    9.318292514    -3.550000000     0.000000000   0  0  0  # C
 264    1   1   0.000000    8.088536440    -2.840000000     0.000000000   0  0  0  # C
 265    1   1   0.000000    8.088536440    -1.420000000     0.000000000   0  0  0  # C
 266    1   1   0.000000    9.318292514    -0.710000000     0.000000000   0  0  0  # C
 267    1   1   0.000000    9.318292514     0.710000000     0.000000000   0  0  0  # C
 268    1   1   0.000000    8.088536440     1.420000000     0.000000000   0  0  0  # C
 269    1   1   0.000000    8.088536440     2.840000000     0.000000000   0  0  0  # C
 270    1   1   0.000000    9.318292514     3.550000000     0.000000000   0  0  0  # C
 271    1   1   0.000000    9.318292514     4.970000000     0.000000000   0  0  0  # C
 272    1   1   0.000000    8.088536440     5.680000000     0.000000000   0  0  0  # C
 273    1   1   0.000000    8.088536440     7.100000000     0.000000000   0  0  0  # C
 274    1   1   0.000000    9.318292514     7.810000000     0.000000000   0  0  0  # C
 275    1   1   0.000000    9.318292514     9.230000000     0.000000000   0  0  0  # C
 276    1   1   0.000000    8.088536440     9.940000000     0.000000000   0  0  0  # C
 277    1   1   0.000000    8.088536440    11.360000000     0.000000000   0  0  0  # C
 278    1   1   0.000000    9.318292514    12.070000000     0.000000000   0  0  0  # C
 279    1   1   0.000000    9.318292514    13.490000000     0.000000000   0  0  0  # C
 280    1   1   0.000000    8.088536440    14.200000000     0.000000000   0  0  0  # C
 281    1   1   0.000000   10.548048587    -14.200000000    0.000000000   0  0  0  # C
 282    1   1   0.000000   11.777804660    -13.490000000    0.000000000   0  0  0  # C
 283    1   1   0.000000   11.777804660    -12.070000000    0.000000000   0  0  0  # C
 284    1   1   0.000000   10.548048587    -11.360000000    0.000000000   0  0  0  # C
 285    1   1   0.000000   10.548048587    -9.940000000     0.000000000   0  0  0  # C
 286    1   1   0.000000   11.777804660    -9.230000000     0.000000000   0  0  0  # C
 287    1   1   0.000000   11.777804660    -7.810000000     0.000000000   0  0  0  # C
 288    1   1   0.000000   10.548048587    -7.100000000     0.000000000   0  0  0  # C
 289    1   1   0.000000   10.548048587    -5.680000000     0.000000000   0  0  0  # C
 290    1   1   0.000000   11.777804660    -4.970000000     0.000000000   0  0  0  # C
 291    1   1   0.000000   11.777804660    -3.550000000     0.000000000   0  0  0  # C
 292    1   1   0.000000   10.548048587    -2.840000000     0.000000000   0  0  0  # C
 293    1   1   0.000000   10.548048587    -1.420000000     0.000000000   0  0  0  # C
 294    1   1   0.000000   11.777804660    -0.710000000     0.000000000   0  0  0  # C
 295    1   1   0.000000   11.777804660     0.710000000     0.000000000   0  0  0  # C
 296    1   1   0.000000   10.548048587     1.420000000     0.000000000   0  0  0  # C
 297    1   1   0.000000   10.548048587     2.840000000     0.000000000   0  0  0  # C
 298    1   1   0.000000   11.777804660     3.550000000     0.000000000   0  0  0  # C
 299    1   1   0.000000   11.777804660     4.970000000     0.000000000   0  0  0  # C
 300    1   1   0.000000   10.548048587     5.680000000     0.000000000   0  0  0  # C
 301    1   1   0.000000   10.548048587     7.100000000     0.000000000   0  0  0  # C
 302    1   1   0.000000   11.777804660     7.810000000     0.000000000   0  0  0  # C
 303    1   1   0.000000   11.777804660     9.230000000     0.000000000   0  0  0  # C
 304    1   1   0.000000   10.548048587     9.940000000     0.000000000   0  0  0  # C
 305    1   1   0.000000   10.548048587    11.360000000     0.000000000   0  0  0  # C
 306    1   1   0.000000   11.777804660    12.070000000     0.000000000   0  0  0  # C
 307    1   1   0.000000   11.777804660    13.490000000     0.000000000   0  0  0  # C
 308    1   1   0.000000   10.548048587    14.200000000     0.000000000   0  0  0  # C
 309    1   1   0.000000   13.007560734    -14.200000000    0.000000000   0  0  0  # C
 310    1   1   0.000000   14.237316807    -13.490000000    0.000000000   0  0  0  # C
 311    1   1   0.000000   14.237316807    -12.070000000    0.000000000   0  0  0  # C
 312    1   1   0.000000   13.007560734    -11.360000000    0.000000000   0  0  0  # C
 313    1   1   0.000000   13.007560734    -9.940000000     0.000000000   0  0  0  # C
 314    1   1   0.000000   14.237316807    -9.230000000     0.000000000   0  0  0  # C
 315    1   1   0.000000   14.237316807    -7.810000000     0.000000000   0  0  0  # C
 316    1   1   0.000000   13.007560734    -7.100000000     0.000000000   0  0  0  # C
 317    1   1   0.000000   13.007560734    -5.680000000     0.000000000   0  0  0  # C
 318    1   1   0.000000   14.237316807    -4.970000000     0.000000000   0  0  0  # C
 319    1   1   0.000000   14.237316807    -3.550000000     0.000000000   0  0  0  # C
 320    1   1   0.000000   13.007560734    -2.840000000     0.000000000   0  0  0  # C
 321    1   1   0.000000   13.007560734    -1.420000000     0.000000000   0  0  0  # C
 322    1   1   0.000000   14.237316807    -0.710000000     0.000000000   0  0  0  # C
 323    1   1   0.000000   14.237316807     0.710000000     0.000000000   0  0  0  # C
 324    1   1   0.000000   13.007560734     1.420000000     0.000000000   0  0  0  # C
 325    1   1   0.000000   13.007560734     2.840000000     0.000000000   0  0  0  # C
 326    1   1   0.000000   14.237316807     3.550000000     0.000000000   0  0  0  # C
 327    1   1   0.000000   14.237316807     4.970000000     0.000000000   0  0  0  # C
 328    1   1   0.000000   13.007560734     5.680000000     0.000000000   0  0  0  # C
 329    1   1   0.000000   13.007560734     7.100000000     0.000000000   0  0  0  # C
 330    1   1   0.000000   14.237316807     7.810000000     0.000000000   0  0  0  # C
 331    1   1   0.000000   14.237316807     9.230000000     0.000000000   0  0  0  # C
 332    1   1   0.000000   13.007560734     9.940000000     0.000000000   0  0  0  # C
 333    1   1   0.000000   13.007560734    11.360000000     0.000000000   0  0  0  # C
 334    1   1   0.000000   14.237316807    12.070000000     0.000000000   0  0  0  # C
 335    1   1   0.000000   14.237316807    13.490000000     0.000000000   0  0  0  # C
 336    1   1   0.000000   13.007560734    14.200000000     0.000000000   0  0  0  # C

Bonds

1  1  1  2 
2  1  1  28
3  1  1  310
4  1  2  3 
5  1  2  29
6  1  3  4 
7  1  3  32
8  1  4  5 
9  1  4  311
10 1  5  6 
11 1  5  314
12 1  6  7 
13 1  6  33
14 1  7  8 
15 1  7  36
16 1  8  9 
17 1  8  315
18 1  9  10
19 1  9  318
20 1  10 11
21 1  10 37
22 1  11 12
23 1  11 40
24 1  12 13
25 1  12 319
26 1  13 14
27 1  13 322
28 1  14 15
29 1  14 41
30 1  15 16
31 1  15 44
32 1  16 17
33 1  16 323
34 1  17 18
35 1  17 326
36 1  18 19
37 1  18 45
38 1  19 20
39 1  19 48
40 1  20 21
41 1  20 327
42 1  21 22
43 1  21 330
44 1  22 23
45 1  22 49
46 1  23 24
47 1  23 52
48 1  24 25
49 1  24 331
50 1  25 26
51 1  25 334
52 1  26 27
53 1  26 53
54 1  27 28
55 1  27 56
56 1  28 335
57 1  29 30
58 1  29 56
59 1  30 31
60 1  30 57
61 1  31 32
62 1  31 60
63 1  32 33
64 1  33 34
65 1  34 35
66 1  34 61
67 1  35 36
68 1  35 64
69 1  36 37
70 1  37 38
71 1  38 39
72 1  38 65
73 1  39 40
74 1  39 68
75 1  40 41
76 1  41 42
77 1  42 43
78 1  42 69
79 1  43 44
80 1  43 72
81 1  44 45
82 1  45 46
83 1  46 47
84 1  46 73
85 1  47 48
86 1  47 76
87 1  48 49
88 1  49 50
89 1  50 51
90 1  50 77
91 1  51 52
92 1  51 80
93 1  52 53
94 1  53 54
95 1  54 55
96 1  54 81
97 1  55 56
98 1  55 84
99 1  57 58
100 1  57 84
101 1  58 59
102 1  58 85
103 1  59 60
104 1  59 88
105 1  60 61
106 1  61 62
107 1  62 63
108 1  62 89
109 1  63 64
110 1  63 92
111 1  64 65
112 1  65 66
113 1  66 67
114 1  66 93
115 1  67 68
116 1  67 96
117 1  68 69
118 1  69 70
119 1  70 71
120 1  70 97
121 1  71 72
122 1  71 100
123 1  72 73
124 1  73 74
125 1  74 75
126 1  74 101
127 1  75 76
128 1  75 104
129 1  76 77
130 1  77 78
131 1  78 79
132 1  78 105
133 1  79 80
134 1  79 108
135 1  80 81
136 1  81 82
137 1  82 83
138 1  82 109
139 1  83 84
140 1  83 112
141 1  85 86
142 1  85 112
143 1  86 87
144 1  86 113
145 1  87 88
146 1  87 116
147 1  88 89
148 1  89 90
149 1  90 91
150 1  90 117
151 1  91 92
152 1  91 120
153 1  92 93
154 1  93 94
155 1  94 95
156 1  94 121
157 1  95 96
158 1  95 124
159 1  96 97
160 1  97 98
161 1  98 99
162 1  98 125
163 1  99 100
164 1  99 128
165 1  100 101
166 1  101 102
167 1  102 103
168 1  102 129
169 1  103 104
170 1  103 132
171 1  104 105
172 1  105 106
173 1  106 107
174 1  106 133
175 1  107 108
176 1  107 136
177 1  108 109
178 1  109 110
179 1  110 111
180 1  110 137
181 1  111 112
182 1  111 140
183 1  113 114
184 1  113 140
185 1  114 115
186 1  114 141
187 1  115 116
188 1  115 144
189 1  116 117
190 1  117 118
191 1  118 119
192 1  118 145
193 1  119 120
194 1  119 148
195 1  120 121
196 1  121 122
197 1  122 123
198 1  122 149
199 1  123 124
200 1  123 152
201 1  124 125
202 1  125 126
203 1  126 127
204 1  126 153
205 1  127 128
206 1  127 156
207 1  128 129
208 1  129 130
209 1  130 131
210 1  130 157
211 1  131 132
212 1  131 160
213 1  132 133
214 1  133 134
215 1  134 135
216 1  134 161
217 1  135 136
218 1  135 164
219 1  136 137
220 1  137 138
221 1  138 139
222 1  138 165
223 1  139 140
224 1  139 168
225 1  141 142
226 1  141 168
227 1  142 143
228 1  142 169
229 1  143 144
230 1  143 172
231 1  144 145
232 1  145 146
233 1  146 147
234 1  146 173
235 1  147 148
236 1  147 176
237 1  148 149
238 1  149 150
239 1  150 151
240 1  150 177
241 1  151 152
242 1  151 180
243 1  152 153
244 1  153 154
245 1  154 155
246 1  154 181
247 1  155 156
248 1  155 184
249 1  156 157
250 1  157 158
251 1  158 159
252 1  158 185
253 1  159 160
254 1  159 188
255 1  160 161
256 1  161 162
257 1  162 163
258 1  162 189
259 1  163 164
260 1  163 192
261 1  164 165
262 1  165 166
263 1  166 167
264 1  166 193
265 1  167 168
266 1  167 196
267 1  169 170
268 1  169 196
269 1  170 171
270 1  170 197
271 1  171 172
272 1  171 200
273 1  172 173
274 1  173 174
275 1  174 175
276 1  174 201
277 1  175 176
278 1  175 204
279 1  176 177
280 1  177 178
281 1  178 179
282 1  178 205
283 1  179 180
284 1  179 208
285 1  180 181
286 1  181 182
287 1  182 183
288 1  182 209
289 1  183 184
290 1  183 212
291 1  184 185
292 1  185 186
293 1  186 187
294 1  186 213
295 1  187 188
296 1  187 216
297 1  188 189
298 1  189 190
299 1  190 191
300 1  190 217
301 1  191 192
302 1  191 220
303 1  192 193
304 1  193 194
305 1  194 195
306 1  194 221
307 1  195 196
308 1  195 224
309 1  197 198
310 1  197 224
311 1  198 199
312 1  198 225
313 1  199 200
314 1  199 228
315 1  200 201
316 1  201 202
317 1  202 203
318 1  202 229
319 1  203 204
320 1  203 232
321 1  204 205
322 1  205 206
323 1  206 207
324 1  206 233
325 1  207 208
326 1  207 236
327 1  208 209
328 1  209 210
329 1  210 211
330 1  210 237
331 1  211 212
332 1  211 240
333 1  212 213
334 1  213 214
335 1  214 215
336 1  214 241
337 1  215 216
338 1  215 244
339 1  216 217
340 1  217 218
341 1  218 219
342 1  218 245
343 1  219 220
344 1  219 248
345 1  220 221
346 1  221 222
347 1  222 223
348 1  222 249
349 1  223 224
350 1  223 252
351 1  225 226
352 1  225 252
353 1  226 227
354 1  226 253
355 1  227 228
356 1  227 256
357 1  228 229
358 1  229 230
359 1  230 231
360 1  230 257
361 1  231 232
362 1  231 260
363 1  232 233
364 1  233 234
365 1  234 235
366 1  234 261
367 1  235 236
368 1  235 264
369 1  236 237
370 1  237 238
371 1  238 239
372 1  238 265
373 1  239 240
374 1  239 268
375 1  240 241
376 1  241 242
377 1  242 243
378 1  242 269
379 1  243 244
380 1  243 272
381 1  244 245
382 1  245 246
383 1  246 247
384 1  246 273
385 1  247 248
386 1  247 276
387 1  248 249
388 1  249 250
389 1  250 251
390 1  250 277
391 1  251 252
392 1  251 280
393 1  253 254
394 1  253 280
395 1  254 255
396 1  254 281
397 1  255 256
398 1  255 284
399 1  256 257
400 1  257 258
401 1  258 259
402 1  258 285
403 1  259 260
404 1  259 288
405 1  260 261
406 1  261 262
407 1  262 263
408 1  262 289
409 1  263 264
410 1  263 292
411 1  264 265
412 1  265 266
413 1  266 267
414 1  266 293
415 1  267 268
416 1  267 296
417 1  268 269
418 1  269 270
419 1  270 271
420 1  270 297
421 1  271 272
422 1  271 300
423 1  272 273
424 1  273 274
425 1  274 275
426 1  274 301
427 1  275 276
428 1  275 304
429 1  276 277
430 1  277 278
431 1  278 279
432 1  278 305
433 1  279 280
434 1  279 308
435 1  281 282
436 1  281 308
437 1  282 283
438 1  282 309
439 1  283 284
440 1  283 312
441 1  284 285
442 1  285 286
443 1  286 287
444 1  286 313
445 1  287 288
446 1  287 316
447 1  288 289
448 1  289 290
449 1  290 291
450 1  290 317
451 1  291 292
452 1  291 320
453 1  292 293
454 1  293 294
455 1  294 295
456 1  294 321
457 1  295 296
458 1  295 324
459 1  296 297
460 1  297 298
461 1  298 299
462 1  298 325
463 1  299 300
464 1  299 328
465 1  300 301
466 1  301 302
467 1  302 303
468 1  302 329
469 1  303 304
470 1  303 332
471 1  304 305
472 1  305 306
473 1  306 307
474 1  306 333
475 1  307 308
476 1  307 336
477 1  309 310
478 1  309 336
479 1  310 311
480 1  311 312
481 1  312 313
482 1  313 314
483 1  314 315
484 1  315 316
485 1  316 317
486 1  317 318
487 1  318 319
488 1  319 320
489 1  320 321
490 1  321 322
491 1  322 323
492 1  323 324
493 1  324 325
494 1  325 326
495 1  326 327
496 1  327 328
497 1  328 329
498 1  329 330
499 1  330 331
500 1  331 332
501 1  332 333
502 1  333 334
503 1  334 335
504 1  335 336
