HEADER, > cell_builder version: v1.9 / 17 June 2024

1170 atoms

4 atom types

-15.0000000000   15.0000000000   xlo  xhi  
-15.0000000000   15.0000000000   ylo  yhi  
-15.0000000000   15.0000000000   zlo  zhi  

Masses

 1   12.00000  # C
 2   1.00800   # H
 3   14.00000  # N
 4   15.99900  # O

Atoms # charge

  1    4   0.000000   -4.019270260     0.185793244    -10.059307097  0  0  0  # O/O
  2    1   0.000000   -3.074578914     1.203408520    -10.725027241  0  0  0  # C/C
  3    1   0.000000   -2.485101229     0.214021047    -9.932676468   0  0  0  # C/C
  4    1   0.000000   -2.113704835     0.531561328    -8.488037517   0  0  0  # C/C
  5    4   0.000000   -0.720917086     0.753589889    -8.403973183   0  0  0  # O/O
  6    1   0.000000   -0.160571795     1.045119123    -7.183439185   0  0  0  # C/C
  7    1   0.000000    1.159612096     1.307844238    -7.125660211   0  0  0  # C/C
  8    1   0.000000    1.788880740     1.605688890    -5.979221670   0  0  0  # C/C
  9    1   0.000000    1.113979907     1.655003688    -4.819268043   0  0  0  # C/C
  10   1   0.000000   -0.204809765     1.403082965    -4.857032991   0  0  0  # C/C
  11   1   0.000000   -0.823492205     1.106390339    -6.010911634   0  0  0  # C/C
  12   1   0.000000    1.810896484     1.998491412    -3.522192233   0  0  0  # C/C
  13   1   0.000000    1.795863919     3.497113153    -3.322014541   0  0  0  # C/C
  14   1   0.000000    2.794029017     4.270672695    -3.778520425   0  0  0  # C/C
  15   1   0.000000    2.765986167     5.599986546    -3.601946778   0  0  0  # C/C
  16   1   0.000000    1.755080373     6.228522279    -2.970906494   0  0  0  # C/C
  17   1   0.000000    0.759909433     5.436888234    -2.522433500   0  0  0  # C/C
  18   1   0.000000    0.776840524     4.105330083    -2.693067288   0  0  0  # C/C
  19   4   0.000000    1.811162624     7.595155302    -2.836776067   0  0  0  # O/O
  20   1   0.000000    0.758966883     8.267141798    -2.175340694   0  0  0  # C/C
  21   1   0.000000    1.033023003     9.767328195    -2.191155417   0  0  0  # C/C
  22   1   0.000000    1.519713657    10.390148527    -1.038164463   0  0  0  # C/C
  23   4   0.000000    0.002870635    10.472481784    -1.290127257   0  0  0  # O/O
  24   2   0.000000   -3.136252348     1.068560626    -11.804276537  0  0  0  # H/H
  25   2   0.000000   -3.298245322     2.189649932    -10.321836969  0  0  0  # H/H
  26   2   0.000000   -2.044126380    -0.677849738    -10.389368854  0  0  0  # H/H
  27   2   0.000000   -2.646522015     1.440565821    -8.125747474   0  0  0  # H/H
  28   2   0.000000   -2.387352684    -0.348436245    -7.860702299   0  0  0  # H/H
  29   2   0.000000    1.747776912     1.278396953    -8.059207996   0  0  0  # H/H
  30   2   0.000000    2.871406452     1.814419752    -5.994818109   0  0  0  # H/H
  31   2   0.000000   -0.793224157     1.442880910    -3.925041346   0  0  0  # H/H
  32   2   0.000000   -1.906735693     0.913675110    -5.959038560   0  0  0  # H/H
  33   2   0.000000    1.318445276     1.485513490    -2.664502797   0  0  0  # H/H
  34   2   0.000000    2.856649688     1.614233422    -3.528128795   0  0  0  # H/H
  35   2   0.000000    3.646972741     3.813374228    -4.306830803   0  0  0  # H/H
  36   2   0.000000    3.604740200     6.202786420    -3.991106480   0  0  0  # H/H
  37   2   0.000000   -0.110790814     5.859800403    -1.996995132   0  0  0  # H/H
  38   2   0.000000   -0.064013136     3.502414445    -2.310779860   0  0  0  # H/H
  39   2   0.000000   -0.196708102     8.085847392    -2.720036896   0  0  0  # H/H
  40   2   0.000000    0.684239072     7.882376649    -1.132428101   0  0  0  # H/H
  41   2   0.000000    1.098258743    10.264539432    -3.164234866   0  0  0  # H/H
  42   2   0.000000    1.928999620    11.397937106    -1.097890430   0  0  0  # H/H
  43   2   0.000000    1.682112576     9.828550615    -0.119827299   0  0  0  # H/H
  44   4   0.000000   -10.850831285   -1.742985473    -10.945109597  0  0  0  # O/O
  45   1   0.000000   -9.340919800    -2.045080330    -10.936629976  0  0  0  # C/C
  46   1   0.000000   -9.913476931    -1.637390035    -9.728259911   0  0  0  # C/C
  47   1   0.000000   -9.813905988    -0.175394388    -9.305881923   0  0  0  # C/C
  48   4   0.000000   -8.808979492    -0.043099323    -8.321584222   0  0  0  # O/O
  49   1   0.000000   -8.555127070     1.196133046    -7.784423668   0  0  0  # C/C
  50   1   0.000000   -7.558143849     1.318333250    -6.886459321   0  0  0  # C/C
  51   1   0.000000   -7.238196281     2.488794510    -6.314912487   0  0  0  # C/C
  52   1   0.000000   -7.912846604     3.608748658    -6.621449840   0  0  0  # C/C
  53   1   0.000000   -8.906004025     3.508997438    -7.520218148   0  0  0  # C/C
  54   1   0.000000   -9.216663460     2.331748174    -8.085731442   0  0  0  # C/C
  55   1   0.000000   -7.555312967     4.935402820    -5.990386751   0  0  0  # C/C
  56   1   0.000000   -6.500407585     5.624490665    -6.826147952   0  0  0  # C/C
  57   1   0.000000   -5.192056445     5.437322703    -6.588848564   0  0  0  # C/C
  58   1   0.000000   -4.265172267     6.047850576    -7.341963035   0  0  0  # C/C
  59   1   0.000000   -4.582513708     6.867684971    -8.362926064   0  0  0  # C/C
  60   1   0.000000   -5.900424261     7.041203789    -8.589157548   0  0  0  # C/C
  61   1   0.000000   -6.837353739     6.435693267    -7.842183773   0  0  0  # C/C
  62   4   0.000000   -3.565095216     7.449393348    -9.080767958   0  0  0  # O/O
  63   1   0.000000   -3.883342860     8.313002352    -10.152717773  0  0  0  # C/C
  64   1   0.000000   -2.593788165     8.794664036    -10.809198391  0  0  0  # C/C
  65   1   0.000000   -2.121869836    10.081920612    -10.536389489  0  0  0  # C/C
  66   4   0.000000   -2.934479710     9.894834686    -11.830893571  0  0  0  # O/O
  67   2   0.000000   -9.205734753    -3.106386706    -11.141862499  0  0  0  # H/H
  68   2   0.000000   -8.847673122    -1.332507807    -11.595575570  0  0  0  # H/H
  69   2   0.000000   -10.188602805   -2.372176001    -8.964810118   0  0  0  # H/H
  70   2   0.000000   -9.558876786     0.477520283    -10.171965019  0  0  0  # H/H
  71   2   0.000000   -10.796844546    0.126314322    -8.875031606   0  0  0  # H/H
  72   2   0.000000   -6.979738650     0.419716217    -6.610322917   0  0  0  # H/H
  73   2   0.000000   -6.409705997     2.527405229    -5.588423119   0  0  0  # H/H
  74   2   0.000000   -9.476468226     4.409606204    -7.802880927   0  0  0  # H/H
  75   2   0.000000   -10.042879839    2.332685762    -8.814162665   0  0  0  # H/H
  76   2   0.000000   -8.458868752     5.580032462    -5.893819261   0  0  0  # H/H
  77   2   0.000000   -7.193180647     4.785755527    -4.947431775   0  0  0  # H/H
  78   2   0.000000   -4.871019491     4.773854406    -5.768792571   0  0  0  # H/H
  79   2   0.000000   -3.199490825     5.869573891    -7.116437477   0  0  0  # H/H
  80   2   0.000000   -6.257293445     7.690756488    -9.403887428   0  0  0  # H/H
  81   2   0.000000   -7.902676918     6.607485674    -8.070787608   0  0  0  # H/H
  82   2   0.000000   -4.470939464     7.753536614    -10.917312181  0  0  0  # H/H
  83   2   0.000000   -4.480225999     9.168692812    -9.761796433   0  0  0  # H/H
  84   2   0.000000   -1.936820811     8.042467678    -11.257476056  0  0  0  # H/H
  85   2   0.000000   -1.103916214    10.355806478    -10.811120206  0  0  0  # H/H
  86   2   0.000000   -2.672131166    10.757591112    -9.883863158   0  0  0  # H/H
  87   4   0.000000   -11.614888293   -0.378745048    -14.270566784  1  0  1  # O/O
  88   1   0.000000   -10.888112179   -1.733307800    -14.360689657  1  0  1  # C/C
  89   1   0.000000   -11.500909712   -1.262999840    14.474200534   1  0  0  # C/C
  90   1   0.000000   -12.889187474   -1.770470373    14.098824291   1  0  0  # C/C
  91   4   0.000000   -12.770157510   -2.735222140    13.073491611   1  0  0  # O/O
  92   1   0.000000   -13.906132193   -3.321072854    12.568496720   1  0  0  # C/C
  93   1   0.000000   -13.775696207   -4.278297107    11.629371285   1  0  0  # C/C
  94   1   0.000000   -14.828368869   -4.906030382    11.084538292   1  0  0  # C/C
  95   1   0.000000   13.919758342    -4.599066799    11.461371650   0  0  0  # C/C
  96   1   0.000000   13.769015459    -3.652084424    12.401902035   0  0  0  # C/C
  97   1   0.000000   14.830588812    -3.031034964    12.940037691   0  0  0  # C/C
  98   1   0.000000   12.725916196    -5.306269588    10.860799144   0  0  0  # C/C
  99   1   0.000000   12.412987326    -6.544945595    11.669453261   0  0  0  # C/C
 100   1   0.000000   12.960620390    -7.732451048    11.364405106   0  0  0  # C/C
 101   1   0.000000   12.681709868    -8.822939080    12.093846497   0  0  0  # C/C
 102   1   0.000000   11.854066217    -8.794742491    13.156583750   0  0  0  # C/C
 103   1   0.000000   11.316181448    -7.593727465    13.450557513   0  0  0  # C/C
 104   1   0.000000   11.587668766    -6.495318488    12.727894372   0  0  0  # C/C
 105   4   0.000000   11.627328755    -9.962109714    13.845543764   0  0  0  # O/O
 106   1   0.000000   10.759984607    -9.947612902    14.960748881   0  0  0  # C/C
 107   1   0.000000   10.705001062    -11.343709768   -14.427853998  0  0  1  # C/C
 108   1   0.000000    9.598894098    -12.161230739   -14.677549708  0  0  1  # C/C
 109   4   0.000000    9.602679324    -11.375107523   -13.353513178  0  0  1  # O/O
 110   2   0.000000   -9.824848747    -1.559667989    -14.199175879  1  0  1  # H/H
 111   2   0.000000   -11.394904868   -2.435866806    -13.701270827  1  0  1  # H/H
 112   2   0.000000   -10.914468497   -0.758774473    13.699407833   1  0  0  # H/H
 113   2   0.000000   -13.398383868   -2.235155696    14.974166495   1  0  0  # H/H
 114   2   0.000000   -13.483255142   -0.904117645    13.725534982   1  0  0  # H/H
 115   2   0.000000   -12.761883383   -4.558987399    11.295136371   1  0  0  # H/H
 116   2   0.000000   -14.658896204   -5.683785297    10.321616246   1  0  0  # H/H
 117   2   0.000000   12.755912181    -3.379793298    12.742347467   0  0  0  # H/H
 118   2   0.000000   14.624069455    -2.267073092    13.706169823   0  0  0  # H/H
 119   2   0.000000   11.842889353    -4.627619839    10.829433199   0  0  0  # H/H
 120   2   0.000000   12.924997660    -5.572267998     9.797361028   0  0  0  # H/H
 121   2   0.000000   13.649348092    -7.816865379    10.507506563   0  0  0  # H/H
 122   2   0.000000   13.150933057    -9.781520652    11.812293201   0  0  0  # H/H
 123   2   0.000000   10.630097933    -7.470815833    14.303341918   0  0  0  # H/H
 124   2   0.000000   11.124891895    -5.535292711    13.012277730   0  0  0  # H/H
 125   2   0.000000   11.160065076    -9.249281535    -14.267794567  0  0  1  # H/H
 126   2   0.000000    9.750429670    -9.613443690    14.628446447   0  0  0  # H/H
 127   2   0.000000   11.635788659    -11.767536676   -14.037516286  0  0  1  # H/H
 128   2   0.000000    9.645653504    -13.223730782   -14.441695464  0  0  1  # H/H
 129   2   0.000000    8.762615941    -11.809907074   14.720520648   0  0  0  # H/H
 130   4   0.000000   -11.291548236   11.985353233    -1.351077709   0  0  0  # O/O
 131   1   0.000000   -12.211111841   13.012182058    -0.664643997   0  0  0  # C/C
 132   1   0.000000   -10.835111757   13.161200943    -0.468153792   0  0  0  # C/C
 133   1   0.000000   -10.193593767   12.607796906     0.799894887   0  0  0  # C/C
 134   4   0.000000   -9.951701115    13.669499365     1.700170979   0  0  0  # O/O
 135   1   0.000000   -9.362343992    13.400232515     2.912125155   0  0  0  # C/C
 136   1   0.000000   -9.186482764    14.412802175     3.783344940   0  0  0  # C/C
 137   1   0.000000   -8.624460089    14.240970752     4.989005035   0  0  0  # C/C
 138   1   0.000000   -8.206088190    13.027546693     5.383951243   0  0  0  # C/C
 139   1   0.000000   -8.379133676    12.003491937     4.532209758   0  0  0  # C/C
 140   1   0.000000   -8.943333442    12.188034440     3.328111304   0  0  0  # C/C
 141   1   0.000000   -7.579380708    12.820105879     6.744204246   0  0  0  # C/C
 142   1   0.000000   -8.659927746    12.516693830     7.757379175   0  0  0  # C/C
 143   1   0.000000   -9.257026890    13.497520666     8.453494741   0  0  0  # C/C
 144   1   0.000000   -10.219964848   13.216953848     9.344041045   0  0  0  # C/C
 145   1   0.000000   -10.640467896   11.960561509     9.588693874   0  0  0  # C/C
 146   1   0.000000   -10.032673875   10.988871306     8.878354331   0  0  0  # C/C
 147   1   0.000000   -9.067658619    11.257278133     7.984400759   0  0  0  # C/C
 148   4   0.000000   -11.633839172   11.768213455    10.518767928   0  0  0  # O/O
 149   1   0.000000   -12.083054562   10.455777806    10.786903492   0  0  0  # C/C
 150   1   0.000000   -13.206427965   10.510288938    11.816940784   0  0  0  # C/C
 151   1   0.000000   -12.936134505   10.179947678    13.148097123   0  0  0  # C/C
 152   4   0.000000   -13.544360736    9.076132832    12.263376597   0  0  0  # O/O
 153   2   0.000000   -12.713874619   13.589423756    -1.439749294   0  0  0  # H/H
 154   2   0.000000   -12.830065329   12.484383465     0.058948710   0  0  0  # H/H
 155   2   0.000000   -10.262316438   13.885315231    -1.056392070   0  0  0  # H/H
 156   2   0.000000   -10.856328165   11.860254630     1.293251811   0  0  0  # H/H
 157   2   0.000000   -9.225100342    12.133560749     0.517142517   0  0  0  # H/H
 158   2   0.000000   -9.519302655    -14.575142613    3.494742050   0  1  0  # H/H
 159   2   0.000000   -8.509559598    -14.892263770    5.660711238   0  1  0  # H/H
 160   2   0.000000   -8.055430682    10.990887456     4.825931289   0  0  0  # H/H
 161   2   0.000000   -9.051170749    11.298228822     2.687905472   0  0  0  # H/H
 162   2   0.000000   -6.833250370    11.993406868     6.710381573   0  0  0  # H/H
 163   2   0.000000   -6.999478094    13.721738658     7.047618978   0  0  0  # H/H
 164   2   0.000000   -8.957780823    14.546594289     8.293360220   0  0  0  # H/H
 165   2   0.000000   -10.687374117   14.049888798     9.897276287   0  0  0  # H/H
 166   2   0.000000   -10.311008756    9.931024546     9.006997354   0  0  0  # H/H
 167   2   0.000000   -8.604494231    10.426538948     7.425798059   0  0  0  # H/H
 168   2   0.000000   -12.493741383   10.006671460     9.852817781   0  0  0  # H/H
 169   2   0.000000   -11.225235112    9.849528209    11.158255558   0  0  0  # H/H
 170   2   0.000000   -14.117433527   11.055893639    11.550965775   0  0  0  # H/H
 171   2   0.000000   -13.657711106   10.428001005    13.925603885   0  0  0  # H/H
 172   2   0.000000   -11.943517511    9.858608958    13.458840908   0  0  0  # H/H
 173   4   0.000000   -2.908626569    10.422948274     6.482008303   0  -1 0  # O/O
 174   1   0.000000   -1.684469963     9.985555141     7.307413508   0  -1 0  # C/C
 175   1   0.000000   -2.544171488    10.919396617     7.893113641   0  -1 0  # C/C
 176   1   0.000000   -2.201010373    12.403628519     7.822086037   0  -1 0  # C/C
 177   4   0.000000   -1.677729830    12.820040902     9.066674085   0  -1 0  # O/O
 178   1   0.000000   -1.310309295    14.133668403     9.234198171   0  -1 0  # C/C
 179   1   0.000000   -0.762635419    14.505985483    10.407518979   0  -1 0  # C/C
 180   1   0.000000   -0.371226042    -14.235548547   10.656665310   0  0  0  # C/C
 181   1   0.000000   -0.512507791    -13.276683747    9.727131415   0  0  0  # C/C
 182   1   0.000000   -1.050020854    -13.629494685    8.547851724   0  0  0  # C/C
 183   1   0.000000   -1.437701577    -14.892616699    8.310245254   0  0  0  # C/C
 184   1   0.000000   -0.066672341    -11.856672301    9.993365214   0  0  0  # C/C
 185   1   0.000000    1.383418993    -11.699304922    9.595075317   0  0  0  # C/C
 186   1   0.000000    2.374596339    -11.915430871   10.474838120   0  0  0  # C/C
 187   1   0.000000    3.657624463    -11.780389408   10.107901332   0  0  0  # C/C
 188   1   0.000000    4.023863326    -11.429070549    8.859845370   0  0  0  # C/C
 189   1   0.000000    3.016012401    -11.219603707    7.988904589   0  0  0  # C/C
 190   1   0.000000    1.728125181    -11.351547795    8.344413978   0  0  0  # C/C
 191   4   0.000000    5.363400226    -11.315477563    8.574259065   0  0  0  # O/O
 192   1   0.000000    5.761764469    -10.945721486    7.270125309   0  0  0  # C/C
 193   1   0.000000    7.284982964    -10.927269601    7.196769781   0  0  0  # C/C
 194   1   0.000000    7.961102986    -9.704401763     7.236982554   0  0  0  # C/C
 195   4   0.000000    7.712465974    -10.320574197    5.847886467   0  0  0  # O/O
 196   2   0.000000   -1.793087426     8.927116136     7.541241925   0  -1 0  # H/H
 197   2   0.000000   -0.786892467    10.300145722     6.777650745   0  -1 0  # H/H
 198   2   0.000000   -3.299654536    10.603871044     8.619852402   0  -1 0  # H/H
 199   2   0.000000   -1.446068701    12.604843112     7.027722675   0  -1 0  # H/H
 200   2   0.000000   -3.140524743    12.964489550     7.608600668   0  -1 0  # H/H
 201   2   0.000000   -0.628942564    13.745028685    11.195800294   0  -1 0  # H/H
 202   2   0.000000    0.073458365    -13.991163247   11.635544946   0  0  0  # H/H
 203   2   0.000000   -1.173631295    -12.870335726    7.757394935   0  0  0  # H/H
 204   2   0.000000   -1.868167141    14.897641068     7.318300687   0  -1 0  # H/H
 205   2   0.000000   -0.705031173    -11.133950738    9.435281659   0  0  0  # H/H
 206   2   0.000000   -0.208280593    -11.598818043   11.067956994   0  0  0  # H/H
 207   2   0.000000    2.136597278    -12.209464318   11.510525100   0  0  0  # H/H
 208   2   0.000000    4.444686169    -11.966348295   10.859083370   0  0  0  # H/H
 209   2   0.000000    3.216654360    -10.931928712    6.944852387   0  0  0  # H/H
 210   2   0.000000    0.940716038    -11.172761495    7.592943339   0  0  0  # H/H
 211   2   0.000000    5.390971825    -11.702984401    6.540781781   0  0  0  # H/H
 212   2   0.000000    5.334979644    -9.944333403     7.032697927   0  0  0  # H/H
 213   2   0.000000    7.816858816    -11.865747472    7.383118093   0  0  0  # H/H
 214   2   0.000000    9.036109486    -9.684673514     7.412173396   0  0  0  # H/H
 215   2   0.000000    7.418972875    -8.762041452     7.293203154   0  0  0  # H/H
 216   4   0.000000   14.981796281    -11.032223460    5.235232921   0  0  0  # O/O
 217   1   0.000000   14.702483468    -9.616055864     5.771534694   0  0  0  # C/C
 218   1   0.000000   13.820996676    -10.115307267    4.808248478   0  0  0  # C/C
 219   1   0.000000   14.009321224    -9.727380460     3.345444504   0  0  0  # C/C
 220   4   0.000000   13.064383093    -8.734652069     3.002219390   0  0  0  # O/O
 221   1   0.000000   13.043774870    -8.243225727     1.718959934   0  0  0  # C/C
 222   1   0.000000   12.174296240    -7.258761867     1.418816268   0  0  0  # C/C
 223   1   0.000000   12.088295586    -6.717289783     0.194715104   0  0  0  # C/C
 224   1   0.000000   12.882017115    -7.143687853    -0.801079213   0  0  0  # C/C
 225   1   0.000000   13.760802092    -8.119814366    -0.519991269   0  0  0  # C/C
 226   1   0.000000   13.837665826    -8.653688991     0.709358255   0  0  0  # C/C
 227   1   0.000000   12.800322535    -6.534655487    -2.182559493   0  0  0  # C/C
 228   1   0.000000   13.731495147    -5.346381776    -2.266745983   0  0  0  # C/C
 229   1   0.000000   13.309631237    -4.108226896    -1.963218581   0  0  0  # C/C
 230   1   0.000000   14.146937345    -3.062785214    -2.034000931   0  0  0  # C/C
 231   1   0.000000   -14.563630271   -3.187661350    -2.404094983   1  0  0  # C/C
 232   1   0.000000   -14.156343801   -4.438157749    -2.701675522   1  0  0  # C/C
 233   1   0.000000   -14.985045989   -5.492297158    -2.634649781   1  0  0  # C/C
 234   4   0.000000   -13.779030287   -2.060121305    -2.447434606   1  0  0  # O/O
 235   1   0.000000   -12.425568712   -2.176030899    -2.835874062   1  0  0  # C/C
 236   1   0.000000   -11.764039869   -0.803636821    -2.766374611   1  0  0  # C/C
 237   1   0.000000   -11.546349901   -0.084165762    -3.944989720   1  0  0  # C/C
 238   4   0.000000   -10.359760523   -0.894186736    -3.390960443   1  0  0  # O/O
 239   2   0.000000   14.452605911    -9.696434349     6.828827045   0  0  0  # H/H
 240   2   0.000000   -14.461949464   -8.975967777     5.493369103   1  0  0  # H/H
 241   2   0.000000   12.859490474    -10.548324268    5.102293289   0  0  0  # H/H
 242   2   0.000000   -14.966275968   -9.328864915     3.163176465   1  0  0  # H/H
 243   2   0.000000   13.835312569    -10.635801460    2.723093618   0  0  0  # H/H
 244   2   0.000000   11.506218955    -6.880880818     2.212034468   0  0  0  # H/H
 245   2   0.000000   11.358623126    -5.911679382     0.009664509   0  0  0  # H/H
 246   2   0.000000   14.434828292    -8.489397844    -1.310889831   0  0  0  # H/H
 247   2   0.000000   14.584659057    -9.448973356     0.860256634   0  0  0  # H/H
 248   2   0.000000   13.059881070    -7.289368523    -2.959941838   0  0  0  # H/H
 249   2   0.000000   11.753742793    -6.229667095    -2.412651070   0  0  0  # H/H
 250   2   0.000000   12.265338719    -3.944194630    -1.649700970   0  0  0  # H/H
 251   2   0.000000   13.763630407    -2.060132433    -1.776931909   0  0  0  # H/H
 252   2   0.000000   -13.118872956   -4.640197797    -3.011341739   1  0  0  # H/H
 253   2   0.000000   -14.601556046   -6.495865643    -2.884592935   1  0  0  # H/H
 254   2   0.000000   -11.893065421   -2.851374763    -2.126488977   1  0  0  # H/H
 255   2   0.000000   -12.380787601   -2.592876157    -3.868119103   1  0  0  # H/H
 256   2   0.000000   -11.721261977   -0.305832312    -1.792352510   1  0  0  # H/H
 257   2   0.000000   -11.288505885    0.973070932    -3.895119420   1  0  0  # H/H
 258   2   0.000000   -11.816505439   -0.496842556    -4.915465180   1  0  0  # H/H
 259   4   0.000000   -7.365651604    -8.087541416    -5.456744652   0  1  0  # O/O
 260   1   0.000000   -6.201442194    -9.034894954    -5.800697589   0  1  0  # C/C
 261   1   0.000000   -7.326054059    -9.084265234    -6.629553420   0  1  0  # C/C
 262   1   0.000000   -8.381381540    -10.160913254   -6.399636571   0  1  0  # C/C
 263   4   0.000000   -8.220934702    -11.182502403   -7.362358562   0  1  0  # O/O
 264   1   0.000000   -9.079309333    -12.255696222   -7.351071383   0  1  0  # C/C
 265   1   0.000000   -8.882291547    -13.249009708   -8.239756203   0  1  0  # C/C
 266   1   0.000000   -9.667550450    -14.334844864   -8.297568496   0  1  0  # C/C
 267   1   0.000000   -10.702846808   -14.478129474   -7.454332781   0  1  0  # C/C
 268   1   0.000000   -10.911623566   -13.501733111   -6.555912585   0  1  0  # C/C
 269   1   0.000000   -10.118442947   -12.419713308   -6.507662693   0  1  0  # C/C
 270   1   0.000000   -11.589364205   14.298070882    -7.504167776   0  0  0  # C/C
 271   1   0.000000   -11.016750259   13.222585862    -6.608841325   0  0  0  # C/C
 272   1   0.000000   -10.149900098   12.312161688    -7.080883876   0  0  0  # C/C
 273   1   0.000000   -9.642416723    11.367456353    -6.275258390   0  0  0  # C/C
 274   1   0.000000   -9.962420796    11.276543885    -4.969681182   0  0  0  # C/C
 275   1   0.000000   -10.831083404   12.200748672    -4.512025770   0  0  0  # C/C
 276   1   0.000000   -11.345784715   13.150977975    -5.308641419   0  0  0  # C/C
 277   4   0.000000   -9.392343666    10.275390764    -4.220330460   0  0  0  # O/O
 278   1   0.000000   -9.720546653    10.166900157    -2.850406715   0  0  0  # C/C
 279   1   0.000000   -8.935443020     9.012784770    -2.235958954   0  0  0  # C/C
 280   1   0.000000   -9.576976788     7.793820115    -1.997797883   0  0  0  # C/C
 281   4   0.000000   -9.451859330     8.762444503    -0.807340329   0  0  0  # O/O
 282   2   0.000000   -5.343077045    -8.428199323    -6.086872874   0  1  0  # H/H
 283   2   0.000000   -6.077540719    -9.734994993    -4.976216212   0  1  0  # H/H
 284   2   0.000000   -7.337700236    -8.553600014    -7.587007879   0  1  0  # H/H
 285   2   0.000000   -8.287835412    -10.605793757   -5.382401175   0  1  0  # H/H
 286   2   0.000000   -9.384972645    -9.691025587    -6.521451292   0  1  0  # H/H
 287   2   0.000000   -8.040014764    -13.167525829   -8.948449831   0  1  0  # H/H
 288   2   0.000000   -9.455015261    14.883118784    -9.045179141   0  0  0  # H/H
 289   2   0.000000   -11.747423279   -13.589250374   -5.841627370   0  1  0  # H/H
 290   2   0.000000   -10.354354582   -11.664020854   -5.741816073   0  1  0  # H/H
 291   2   0.000000   -12.628031971   14.553141512    -7.192087730   0  0  0  # H/H
 292   2   0.000000   -11.683816920   13.927726630    -8.550692037   0  0  0  # H/H
 293   2   0.000000   -9.847077216    12.338527003    -8.140765904   0  0  0  # H/H
 294   2   0.000000   -8.932734657    10.636269375    -6.699567544   0  0  0  # H/H
 295   2   0.000000   -11.150119812   12.209169440    -3.457889174   0  0  0  # H/H
 296   2   0.000000   -12.049780848   13.886560117    -4.884384213   0  0  0  # H/H
 297   2   0.000000   -9.424960077    11.103735950    -2.323298032   0  0  0  # H/H
 298   2   0.000000   -10.818419061   10.003467829    -2.754171647   0  0  0  # H/H
 299   2   0.000000   -7.842622432     9.076162932    -2.245162228   0  0  0  # H/H
 300   2   0.000000   -8.987427088     6.905078185    -1.775786752   0  0  0  # H/H
 301   2   0.000000   -10.634657567    7.660811298    -2.218543876   0  0  0  # H/H
 302   4   0.000000    8.372894701    -3.084783464    -8.343743012   0  0  0  # O/O
 303   1   0.000000    9.229401383    -3.774769716    -9.421463373   0  0  0  # C/C
 304   1   0.000000    9.882096844    -2.879581641    -8.568927036   0  0  0  # C/C
 305   1   0.000000   10.123250557    -1.445539032    -9.028400093   0  0  0  # C/C
 306   4   0.000000   11.471965782    -1.304902499    -9.425149155   0  0  0  # O/O
 307   1   0.000000   11.917295709    -0.082024986    -9.866659319   0  0  0  # C/C
 308   1   0.000000   13.190852161     0.025508026    -10.292967910  0  0  0  # C/C
 309   1   0.000000   13.708311439     1.177779207    -10.744098502  0  0  0  # C/C
 310   1   0.000000   12.961997078     2.293277804    -10.789850587  0  0  0  # C/C
 311   1   0.000000   11.687303852     2.204927723    -10.375787930  0  0  0  # C/C
 312   1   0.000000   11.180658261     1.045721659    -9.926586476   0  0  0  # C/C
 313   1   0.000000   13.531775721     3.595662940    -11.304852960  0  0  0  # C/C
 314   1   0.000000   13.326619687     3.680564992    -12.800468837  0  0  0  # C/C
 315   1   0.000000   14.252171184     3.220232124    -13.657541545  0  0  0  # C/C
 316   1   0.000000   14.055677536     3.293778710    -14.982313645  0  0  0  # C/C
 317   1   0.000000   12.940283173     3.820920005    14.476191203   0  0  -1 # C/C
 318   1   0.000000   12.020340526     4.274783351    -14.648656651  0  0  0  # C/C
 319   1   0.000000   12.205721961     4.206732814    -13.320706160  0  0  0  # C/C
 320   4   0.000000   12.825348975     3.853831346    13.107056810   0  0  -1 # O/O
 321   1   0.000000   11.662001113     4.405756304    12.525525150   0  0  -1 # C/C
 322   1   0.000000   11.756486148     4.290784006    11.007707625   0  0  -1 # C/C
 323   1   0.000000   12.093667988     5.417389374    10.251910132   0  0  -1 # C/C
 324   4   0.000000   10.596251068     5.079927731    10.374135239   0  0  -1 # O/O
 325   2   0.000000    9.250935123    -4.842436100    -9.206076742   0  0  0  # H/H
 326   2   0.000000    8.865774705    -3.459927701    -10.398147214  0  0  0  # H/H
 327   2   0.000000   10.453179102    -3.243342109    -7.708692401   0  0  0  # H/H
 328   2   0.000000    9.464947463    -1.181939583    -9.887812541   0  0  0  # H/H
 329   2   0.000000    9.917786924    -0.768666581    -8.166740803   0  0  0  # H/H
 330   2   0.000000   13.834871212    -0.870655167    -10.271814804  0  0  0  # H/H
 331   2   0.000000   14.757287465     1.203757913    -11.082695821  0  0  0  # H/H
 332   2   0.000000   11.041904864     3.098743468    -10.407050697  0  0  0  # H/H
 333   2   0.000000   10.126829609     1.054611834    -9.606254512   0  0  0  # H/H
 334   2   0.000000   13.051683760     4.462487419    -10.795527189  0  0  0  # H/H
 335   2   0.000000   14.614105546     3.674271390    -11.052519704  0  0  0  # H/H
 336   2   0.000000   -14.815646840    2.774031560    -13.273238853  1  0  0  # H/H
 337   2   0.000000   14.839363222     2.905007059    14.344622734   0  0  -1 # H/H
 338   2   0.000000   11.074820965     4.719790856    -14.996536200  0  0  0  # H/H
 339   2   0.000000   11.420393644     4.588559218    -12.646796780  0  0  0  # H/H
 340   2   0.000000   10.770077006     3.826524516    12.859947359   0  0  -1 # H/H
 341   2   0.000000   11.569218478     5.469413197    12.843834021   0  0  -1 # H/H
 342   2   0.000000   11.822201604     3.287632868    10.574432189   0  0  -1 # H/H
 343   2   0.000000   12.383329592     5.303188497     9.207987566   0  0  -1 # H/H
 344   2   0.000000   12.264563709     6.382970667    10.724727421   0  0  -1 # H/H
 345   4   0.000000    2.130306620    14.638466900    -3.599999472   0  0  0  # O/O
 346   1   0.000000    3.003248835    -14.294218914   -4.285549045   0  1  0  # C/C
 347   1   0.000000    2.292437850    14.836529014    -5.118219352   0  0  0  # C/C
 348   1   0.000000    2.994758658    13.616192659    -5.704114797   0  0  0  # C/C
 349   4   0.000000    3.323352842    13.872309153    -7.054170875   0  0  0  # O/O
 350   1   0.000000    3.955588005    12.896912252    -7.787355002   0  0  0  # C/C
 351   1   0.000000    4.311814959    13.172975748    -9.057055637   0  0  0  # C/C
 352   1   0.000000    4.935687926    12.283439968    -9.843516321   0  0  0  # C/C
 353   1   0.000000    5.236417011    11.056793277    -9.387100489   0  0  0  # C/C
 354   1   0.000000    4.895844850    10.764593313    -8.121112249   0  0  0  # C/C
 355   1   0.000000    4.271876055    11.663618819    -7.343522073   0  0  0  # C/C
 356   1   0.000000    5.947534897    10.048879203    -10.261458975  0  0  0  # C/C
 357   1   0.000000    7.442788423    10.214155757    -10.109588095  0  0  0  # C/C
 358   1   0.000000    8.137796545    11.035311562    -10.913200194  0  0  0  # C/C
 359   1   0.000000    9.462887113    11.179867854    -10.763940575  0  0  0  # C/C
 360   1   0.000000   10.163633425    10.525717969    -9.817239954   0  0  0  # C/C
 361   1   0.000000    9.449334598     9.708474927    -9.017197027   0  0  0  # C/C
 362   1   0.000000    8.122866050     9.555485457    -9.156929176   0  0  0  # C/C
 363   4   0.000000   11.519403760    10.736583002    -9.738216245   0  0  0  # O/O
 364   1   0.000000   12.267099560    10.055579212    -8.751624480   0  0  0  # C/C
 365   1   0.000000   13.727619761    10.485022789    -8.843139755   0  0  0  # C/C
 366   1   0.000000   14.656967113     9.638030582    -9.453941523   0  0  0  # C/C
 367   4   0.000000   14.570359669     9.588931925    -7.917333167   0  0  0  # O/O
 368   2   0.000000    2.591662372    -13.314235525   -4.046811220   0  1  0  # H/H
 369   2   0.000000    4.042799183    -14.486609771   -4.025583639   0  1  0  # H/H
 370   2   0.000000    1.344612457    -14.853580911   -5.569944285   0  1  0  # H/H
 371   2   0.000000    3.928704333    13.381385334    -5.143714595   0  0  0  # H/H
 372   2   0.000000    2.289395313    12.754507779    -5.651293697   0  0  0  # H/H
 373   2   0.000000    4.082659959    14.171785699    -9.467157000   0  0  0  # H/H
 374   2   0.000000    5.205138943    12.567999239    -10.874096697  0  0  0  # H/H
 375   2   0.000000    5.134561997     9.769685639    -7.709291118   0  0  0  # H/H
 376   2   0.000000    4.027143975    11.348298983    -6.316913072   0  0  0  # H/H
 377   2   0.000000    5.640631719     9.011811705    -9.993901216   0  0  0  # H/H
 378   2   0.000000    5.645326802    10.174983813    -11.326380147  0  0  0  # H/H
 379   2   0.000000    7.618008487    11.600792547    -11.704274381  0  0  0  # H/H
 380   2   0.000000    9.999947273    11.863868104    -11.443669443  0  0  0  # H/H
 381   2   0.000000    9.934048382     9.133891487    -8.212233973   0  0  0  # H/H
 382   2   0.000000    7.583787383     8.877556431    -8.473926799   0  0  0  # H/H
 383   2   0.000000   11.888515887    10.335344282    -7.741039403   0  0  0  # H/H
 384   2   0.000000   12.159294375     8.958131463    -8.910626429   0  0  0  # H/H
 385   2   0.000000   13.961152327    11.541127572    -8.674428291   0  0  0  # H/H
 386   2   0.000000   -14.359490484   10.018871427    -9.726566913   1  0  0  # H/H
 387   2   0.000000   14.362474792     8.664732275    -9.842623203   0  0  0  # H/H
 388   4   0.000000    6.005510549     5.532024298     7.005645915   0  0  0  # O/O
 389   1   0.000000    6.085438010     4.350618690     7.990053499   0  0  0  # C/C
 390   1   0.000000    4.817121245     4.695463487     7.513980070   0  0  0  # C/C
 391   1   0.000000    3.913153972     5.584241706     8.361721337   0  0  0  # C/C
 392   4   0.000000    2.932882653     4.784810809     8.991165211   0  0  0  # O/O
 393   1   0.000000    1.996739276     5.383720663     9.799634100   0  0  0  # C/C
 394   1   0.000000    1.101032032     4.604530209    10.436673478   0  0  0  # C/C
 395   1   0.000000    0.155733753     5.102489475    11.247512255   0  0  0  # C/C
 396   1   0.000000    0.062622639     6.425027473    11.461145272   0  0  0  # C/C
 397   1   0.000000    0.951261183     7.218307290    10.840560782   0  0  0  # C/C
 398   1   0.000000    1.893149340     6.707938113    10.031486989   0  0  0  # C/C
 399   1   0.000000   -0.993049943     6.997056389    12.380068832   0  0  0  # C/C
 400   1   0.000000   -0.459708352     7.045320102    13.794063730   0  0  0  # C/C
 401   1   0.000000   -0.631989624     6.015825440    14.638803603   0  0  0  # C/C
 402   1   0.000000   -0.147514708     6.066813203    -14.111506726  0  0  1  # C/C
 403   1   0.000000    0.529508525     7.130594476    -13.636945375  0  0  1  # C/C
 404   1   0.000000    0.696245441     8.153359803    -14.499689586  0  0  1  # C/C
 405   1   0.000000    0.215903246     8.114004621    14.247245290   0  0  0  # C/C
 406   4   0.000000    0.989878959     7.093895482    -12.342521079  0  0  1  # O/O
 407   1   0.000000    1.699564702     8.203362767    -11.831045792  0  0  1  # C/C
 408   1   0.000000    2.134023301     7.904991305    -10.399914670  0  0  1  # C/C
 409   1   0.000000    1.426758055     8.469169485    -9.334250579   0  0  1  # C/C
 410   4   0.000000    2.714836823     9.187494913    -9.776899920   0  0  1  # O/O
 411   2   0.000000    6.644250107     3.547109365     7.511651561   0  0  0  # H/H
 412   2   0.000000    6.451050348     4.726798376     8.944033395   0  0  0  # H/H
 413   2   0.000000    4.358757661     4.137239216     6.691332673   0  0  0  # H/H
 414   2   0.000000    4.496381297     6.122531959     9.143723179   0  0  0  # H/H
 415   2   0.000000    3.415418436     6.315792581     7.683546578   0  0  0  # H/H
 416   2   0.000000    1.147020771     3.511919358    10.286997081   0  0  0  # H/H
 417   2   0.000000   -0.548290966     4.414399170    11.744054970   0  0  0  # H/H
 418   2   0.000000    0.910615187     8.309020951    10.999039211   0  0  0  # H/H
 419   2   0.000000    2.585263804     7.423825294     9.560605324   0  0  0  # H/H
 420   2   0.000000   -1.296973048     8.014538424    12.042953472   0  0  0  # H/H
 421   2   0.000000   -1.923467143     6.386020525    12.332653490   0  0  0  # H/H
 422   2   0.000000   -1.174803751     5.115731436    14.305741523   0  0  0  # H/H
 423   2   0.000000   -0.309131392     5.201090798    -13.446130099  0  0  1  # H/H
 424   2   0.000000    1.239285722     9.064727939    -14.203759740  0  0  1  # H/H
 425   2   0.000000    0.382650495     8.975591092    13.579001376   0  0  0  # H/H
 426   2   0.000000    2.617160804     8.369835572    -12.441930796  0  0  1  # H/H
 427   2   0.000000    1.042987049     9.102475625    -11.873436740  0  0  1  # H/H
 428   2   0.000000    2.807861486     7.057852885    -10.236645180  0  0  1  # H/H
 429   2   0.000000    1.578185512     8.092849988    -8.323224679   0  0  1  # H/H
 430   2   0.000000    0.586676539     9.139589245    -9.507193236   0  0  1  # H/H
 431   4   0.000000   11.402555618     9.850959981     1.995034016   -1 0  0  # O/O
 432   1   0.000000   12.172492398     9.737794456     0.666291445   -1 0  0  # C/C
 433   1   0.000000   11.453824841     8.612850088     1.081271410   -1 0  0  # C/C
 434   1   0.000000   12.177629981     7.487536442     1.813066551   -1 0  0  # C/C
 435   4   0.000000   12.402894507     6.419106186     0.916442945   -1 0  0  # O/O
 436   1   0.000000   13.034582759     5.285544954     1.368867818   -1 0  0  # C/C
 437   1   0.000000   13.291660504     4.296145861     0.491229586   -1 0  0  # C/C
 438   1   0.000000   13.907098502     3.157717643     0.843691008   -1 0  0  # C/C
 439   1   0.000000   14.299787676     2.954637040     2.111748176   -1 0  0  # C/C
 440   1   0.000000   14.058892675     3.932476106     3.000509561   -1 0  0  # C/C
 441   1   0.000000   13.442287437     5.067729675     2.635505845   -1 0  0  # C/C
 442   1   0.000000   -14.997561012    1.679236424     2.518831203   0  0  0  # C/C
 443   1   0.000000   -13.505994465    1.842526327     2.332471731   0  0  0  # C/C
 444   1   0.000000   -12.908532716    1.513039949     1.175923533   0  0  0  # C/C
 445   1   0.000000   -11.585643790    1.669661589     1.019480182   0  0  0  # C/C
 446   1   0.000000   -10.791358153    2.158877792     1.991579643   0  0  0  # C/C
 447   1   0.000000   -11.408479236    2.487768820     3.144475974   0  0  0  # C/C
 448   1   0.000000   -12.731680428    2.335455712     3.312966277   0  0  0  # C/C
 449   4   0.000000   -9.445929888     2.285058497     1.741133592   0  0  0  # O/O
 450   1   0.000000   -8.600850621     2.794655866     2.752236966   0  0  0  # C/C
 451   1   0.000000   -7.173496645     2.873733119     2.220895733   0  0  0  # C/C
 452   1   0.000000   -6.244248126     1.899455457     2.596982596   0  0  0  # C/C
 453   4   0.000000   -6.226684234     3.223111004     3.383560166   0  0  0  # O/O
 454   2   0.000000   11.727833826    10.433644526    -0.044228115   -1 0  0  # H/H
 455   2   0.000000   13.235421361     9.837968051     0.879384028   -1 0  0  # H/H
 456   2   0.000000   10.463626339     8.398612477     0.666458897   -1 0  0  # H/H
 457   2   0.000000   13.157314664     7.833588593     2.215438544   -1 0  0  # H/H
 458   2   0.000000   11.522407565     7.140858292     2.645728665   -1 0  0  # H/H
 459   2   0.000000   12.985034368     4.427334960    -0.560952096   -1 0  0  # H/H
 460   2   0.000000   14.093039735     2.384517141     0.079976021   -1 0  0  # H/H
 461   2   0.000000   14.374960832     3.804360574     4.049371388   -1 0  0  # H/H
 462   2   0.000000   13.282294304     5.821780172     3.422307265   -1 0  0  # H/H
 463   2   0.000000   14.767441397     1.422564530     3.577217419   -1 0  0  # H/H
 464   2   0.000000   14.624581011     0.818347948     1.921015519   -1 0  0  # H/H
 465   2   0.000000   -13.507680777    1.111183756     0.342089052   0  0  0  # H/H
 466   2   0.000000   -11.130372851    1.387543152     0.054359024   0  0  0  # H/H
 467   2   0.000000   -10.842899934    2.898540284     3.995619885   0  0  0  # H/H
 468   2   0.000000   -13.189058265    2.623437674     4.274505525   0  0  0  # H/H
 469   2   0.000000   -8.925802699     3.826548947     3.021456407   0  0  0  # H/H
 470   2   0.000000   -8.662484505     2.129004579     3.643530839   0  0  0  # H/H
 471   2   0.000000   -6.983814309     3.523754524     1.360749749   0  0  0  # H/H
 472   2   0.000000   -5.301657260     1.812354923     2.057857409   0  0  0  # H/H
 473   2   0.000000   -6.513432386     1.098975909     3.283918617   0  0  0  # H/H
 474   4   0.000000   -5.589566424    -8.994433678     7.989028701   0  1  0  # O/O
 475   1   0.000000   -7.027762824    -9.485251196     8.237735715   0  1  0  # C/C
 476   1   0.000000   -6.204905633    -9.337262862     9.358091354   0  1  0  # C/C
 477   1   0.000000   -5.489743825    -10.556509266    9.930568954   0  1  0  # C/C
 478   4   0.000000   -6.172865118    -10.996113036   11.086559885   0  1  0  # O/O
 479   1   0.000000   -5.692026259    -12.082442445   11.777473619   0  1  0  # C/C
 480   1   0.000000   -6.382591824    -12.524567426   12.846535405   0  1  0  # C/C
 481   1   0.000000   -5.989891106    -13.579208649   13.576281817   0  1  0  # C/C
 482   1   0.000000   -4.869519439    -14.250419929   13.263778625   0  1  0  # C/C
 483   1   0.000000   -4.170681828    -13.829426891   12.196779424   0  1  0  # C/C
 484   1   0.000000   -4.574156438    -12.772569479   11.473944000   0  1  0  # C/C
 485   1   0.000000   -4.421814801    14.553816624    14.073588804   0  0  0  # C/C
 486   1   0.000000   -5.048728380    13.298594686    13.510062885   0  0  0  # C/C
 487   1   0.000000   -6.232466404    12.849930839    13.957936295   0  0  0  # C/C
 488   1   0.000000   -6.782631788    11.739457623    13.444899008   0  0  0  # C/C
 489   1   0.000000   -6.195273104    11.021674103    12.467659977   0  0  0  # C/C
 490   1   0.000000   -5.009319107    11.488619593    12.027600078   0  0  0  # C/C
 491   1   0.000000   -4.448663077    12.598739641    12.533315369   0  0  0  # C/C
 492   4   0.000000   -6.833594078     9.896936771    12.002542487   0  0  0  # O/O
 493   1   0.000000   -6.228133795     9.133484111    10.979441143   0  0  0  # C/C
 494   1   0.000000   -7.143020935     7.969497765    10.613335422   0  0  0  # C/C
 495   1   0.000000   -6.850111570     6.688037091    11.088965262   0  0  0  # C/C
 496   4   0.000000   -6.390964181     7.024740473     9.658269180   0  0  0  # O/O
 497   2   0.000000   -7.712655103    -8.685438748     7.958470209   0  1  0  # H/H
 498   2   0.000000   -7.146942727    -10.450925715    7.749340328   0  1  0  # H/H
 499   2   0.000000   -6.271673125    -8.442713184     9.985612847   0  1  0  # H/H
 500   2   0.000000   -5.458897499    -11.389343149    9.191059915   0  1  0  # H/H
 501   2   0.000000   -4.453821242    -10.250273914   10.206091479   0  1  0  # H/H
 502   2   0.000000   -7.309917061    -11.999149962   13.133451516   0  1  0  # H/H
 503   2   0.000000   -6.598337467    -13.896520345   14.439288222   0  1  0  # H/H
 504   2   0.000000   -3.249752318    -14.361616386   11.905082698   0  1  0  # H/H
 505   2   0.000000   -3.947397341    -12.490361389   10.613259355   0  1  0  # H/H
 506   2   0.000000   -3.310796417    14.470730410    14.069056443   0  0  0  # H/H
 507   2   0.000000   -4.698454947    14.683197567    -14.854954239  0  0  1  # H/H
 508   2   0.000000   -6.763007065    13.397867597    14.754201739   0  0  0  # H/H
 509   2   0.000000   -7.756812956    11.401594597    13.838778327   0  0  0  # H/H
 510   2   0.000000   -4.454974425    10.971227118    11.228809680   0  0  0  # H/H
 511   2   0.000000   -3.478458681    12.941403357    12.135859927   0  0  0  # H/H
 512   2   0.000000   -6.097607110     9.767619410    10.071855611   0  0  0  # H/H
 513   2   0.000000   -5.237962641     8.770019780    11.338258516   0  0  0  # H/H
 514   2   0.000000   -8.136697816     8.205125714    10.219071480   0  0  0  # H/H
 515   2   0.000000   -7.601971959     5.902082889    11.028121556   0  0  0  # H/H
 516   2   0.000000   -5.965430162     6.500149892    11.694890981   0  0  0  # H/H
 517   4   0.000000   -11.789137722   -7.039093994    13.677279817   0  0  -1 # O/O
 518   1   0.000000   -11.784183000   -5.654385408    14.350869813   0  0  -1 # C/C
 519   1   0.000000   -11.032849894   -6.661219436    14.964037868   0  0  -1 # C/C
 520   1   0.000000   -11.629495277   -7.436110148    -13.865788008  0  0  0  # C/C
 521   4   0.000000   -11.077928556   -6.952533960    -12.658249424  0  0  0  # O/O
 522   1   0.000000   -11.466598395   -7.520143677    -11.468529144  0  0  0  # C/C
 523   1   0.000000   -10.974425496   -7.014195193    -10.320909708  0  0  0  # C/C
 524   1   0.000000   -11.302019775   -7.502431944    -9.115373041   0  0  0  # C/C
 525   1   0.000000   -12.151374217   -8.536428370    -9.001953804   0  0  0  # C/C
 526   1   0.000000   -12.658627147   -9.050392229    -10.134487272  0  0  0  # C/C
 527   1   0.000000   -12.323313209   -8.552787919    -11.335397308  0  0  0  # C/C
 528   1   0.000000   -12.534982255   -9.089384497    -7.648008981   0  0  0  # C/C
 529   1   0.000000   -13.742077810   -8.346013264    -7.122191770   0  0  0  # C/C
 530   1   0.000000   -13.606637972   -7.247185151    -6.362350748   0  0  0  # C/C
 531   1   0.000000   -14.684901505   -6.591425306    -5.908074675   0  0  0  # C/C
 532   1   0.000000   14.055959438    -6.984881555    -6.181863910   -1 0  0  # C/C
 533   1   0.000000   13.938767663    -8.087659230    -6.948887494   -1 0  0  # C/C
 534   1   0.000000   -14.989573551   -8.752479721    -7.409333820   0  0  0  # C/C
 535   4   0.000000   13.011508588    -6.250240679    -5.673683613   -1 0  0  # O/O
 536   1   0.000000   11.685847487    -6.652567085    -5.951054463   -1 0  0  # C/C
 537   1   0.000000   10.716893796    -5.661736707    -5.314422704   -1 0  0  # C/C
 538   1   0.000000   10.066757123    -6.002683793    -4.124784737   -1 0  0  # C/C
 539   4   0.000000    9.285564257    -6.215981862    -5.434486386   -1 0  0  # O/O
 540   2   0.000000   -11.298823979   -4.950192779    13.676106172   0  0  -1 # H/H
 541   2   0.000000   -12.798776933   -5.430623422    14.676124953   0  0  -1 # H/H
 542   2   0.000000   -9.951116875    -6.724211013    14.808005862   0  0  -1 # H/H
 543   2   0.000000   -12.736990626   -7.319861902    -13.828669455  0  0  0  # H/H
 544   2   0.000000   -11.361110543   -8.510785415    -13.991768387  0  0  0  # H/H
 545   2   0.000000   -10.274279862   -6.162539678    -10.373781575  0  0  0  # H/H
 546   2   0.000000   -10.869063509   -7.044706499    -8.210547075   0  0  0  # H/H
 547   2   0.000000   -13.366051170   -9.894769657    -10.079698507  0  0  0  # H/H
 548   2   0.000000   -12.782680694   -9.028139700    -12.216458389  0  0  0  # H/H
 549   2   0.000000   -12.748275444   -10.180783467   -7.716126631   0  0  0  # H/H
 550   2   0.000000   -11.681795082   -9.004615953    -6.936549106   0  0  0  # H/H
 551   2   0.000000   -12.600494660   -6.874580524    -6.108208726   0  0  0  # H/H
 552   2   0.000000   -14.533602882   -5.692203821    -5.286117492   0  0  0  # H/H
 553   2   0.000000   12.949904637    -8.483972702    -7.228431136   -1 0  0  # H/H
 554   2   0.000000   14.860742982    -9.647279071    -8.036721103   -1 0  0  # H/H
 555   2   0.000000   11.517520307    -6.639259082    -7.053036834   -1 0  0  # H/H
 556   2   0.000000   11.529939759    -7.681137977    -5.552269006   -1 0  0  # H/H
 557   2   0.000000   10.756511527    -4.620662811    -5.650508866   -1 0  0  # H/H
 558   2   0.000000    9.556139688    -5.233709461    -3.546279489   -1 0  0  # H/H
 559   2   0.000000   10.219130788    -6.974003939    -3.657421699   -1 0  0  # H/H
 560   4   0.000000    4.018394043    -4.980113008    12.768774534   0  0  0  # O/O
 561   1   0.000000    5.176828502    -5.573375694    11.945831712   0  0  0  # C/C
 562   1   0.000000    5.077088897    -4.179664964    11.988418926   0  0  0  # C/C
 563   1   0.000000    4.393433067    -3.440618873    10.842917118   0  0  0  # C/C
 564   4   0.000000    5.377224484    -2.865431608    10.007731350   0  0  0  # O/O
 565   1   0.000000    4.983541571    -2.136163301     8.911437192   0  0  0  # C/C
 566   1   0.000000    5.931205796    -1.638619302     8.093127419   0  0  0  # C/C
 567   1   0.000000    5.638357910    -0.919667995     6.999344568   0  0  0  # C/C
 568   1   0.000000    4.362367427    -0.661908757     6.669459798   0  0  0  # C/C
 569   1   0.000000    3.402504363    -1.155452422     7.468943375   0  0  0  # C/C
 570   1   0.000000    3.708213292    -1.873999014     8.560943030   0  0  0  # C/C
 571   1   0.000000    4.019908017     0.139670684     5.434035117   0  0  0  # C/C
 572   1   0.000000    3.890832039    -0.789754702     4.248424703   0  0  0  # C/C
 573   1   0.000000    4.946997105    -1.076898296     3.470485464   0  0  0  # C/C
 574   1   0.000000    4.822206102    -1.909060389     2.425988731   0  0  0  # C/C
 575   1   0.000000    3.654769602    -2.497670280     2.100673583   0  0  0  # C/C
 576   1   0.000000    2.606004569    -2.200953348     2.894543004   0  0  0  # C/C
 577   1   0.000000    2.718532346    -1.369508206     3.942629898   0  0  0  # C/C
 578   4   0.000000    3.621348328    -3.337013048     1.012919592   0  0  0  # O/O
 579   1   0.000000    2.403331996    -3.959397985     0.659010444   0  0  0  # C/C
 580   1   0.000000    2.633703911    -4.864112878    -0.546948026   0  0  0  # C/C
 581   1   0.000000    2.233666524    -4.434762711    -1.815722878   0  0  0  # C/C
 582   4   0.000000    1.272635516    -5.369918701    -1.058768820   0  0  0  # O/O
 583   2   0.000000    5.849386347    -6.090067593    12.629543668   0  0  0  # H/H
 584   2   0.000000    4.751562572    -6.144144043    11.122039529   0  0  0  # H/H
 585   2   0.000000    5.700911148    -3.595929555    12.672932637   0  0  0  # H/H
 586   2   0.000000    3.764343174    -4.131789836    10.236315111   0  0  0  # H/H
 587   2   0.000000    3.761929476    -2.633611599    11.281973861   0  0  0  # H/H
 588   2   0.000000    6.991767181    -1.831051641     8.330815877   0  0  0  # H/H
 589   2   0.000000    6.457361260    -0.540880074     6.365761926   0  0  0  # H/H
 590   2   0.000000    2.342903168    -0.971087704     7.224651014   0  0  0  # H/H
 591   2   0.000000    2.864644296    -2.244675394     9.164463371   0  0  0  # H/H
 592   2   0.000000    3.075584264     0.710923720     5.586377917   0  0  0  # H/H
 593   2   0.000000    4.798881730     0.912969575     5.242990646   0  0  0  # H/H
 594   2   0.000000    5.930023497    -0.628213148     3.689774066   0  0  0  # H/H
 595   2   0.000000    5.712912723    -2.120892356     1.809474155   0  0  0  # H/H
 596   2   0.000000    1.611307244    -2.636260525     2.709762071   0  0  0  # H/H
 597   2   0.000000    1.830844539    -1.162313233     4.563730873   0  0  0  # H/H
 598   2   0.000000    2.052852878    -4.595503344     1.504829958   0  0  0  # H/H
 599   2   0.000000    1.647974898    -3.172108562     0.433386508   0  0  0  # H/H
 600   2   0.000000    3.336582299    -5.695827686    -0.434828540   0  0  0  # H/H
 601   2   0.000000    2.588925658    -4.958514061    -2.702399528   0  0  0  # H/H
 602   2   0.000000    1.736206240    -3.476628144    -1.955794957   0  0  0  # H/H
 603   4   0.000000    4.657256781    -7.130492020     3.994490166   0  0  0  # O/O
 604   1   0.000000    5.617689203    -7.032840565     2.794823690   0  0  0  # C/C
 605   1   0.000000    4.652925358    -8.043696292     2.754915265   0  0  0  # C/C
 606   1   0.000000    5.029939565    -9.458508953     3.181429312   0  0  0  # C/C
 607   4   0.000000    5.220639444    -10.255864816    2.030743259   0  0  0  # O/O
 608   1   0.000000    5.556180283    -11.580143266    2.180337089   0  0  0  # C/C
 609   1   0.000000    5.788082693    -12.315867181    1.075719512   0  0  0  # C/C
 610   1   0.000000    6.124642498    -13.613191485    1.127574477   0  0  0  # C/C
 611   1   0.000000    6.246490619    -14.243438396    2.307132601   0  0  0  # C/C
 612   1   0.000000    6.026301511    -13.525167057    3.420550528   0  0  0  # C/C
 613   1   0.000000    5.690268940    -12.227048366    3.355740217   0  0  0  # C/C
 614   1   0.000000    6.634149161    14.296855958     2.378283653   0  -1 0  # C/C
 615   1   0.000000    8.140550043    14.175905421     2.426153901   0  -1 0  # C/C
 616   1   0.000000    8.865973285    14.060821283     1.302035441   0  -1 0  # C/C
 617   1   0.000000   10.202509983    13.962106377     1.356487171   0  -1 0  # C/C
 618   1   0.000000   10.885815349    13.974175994     2.517584768   0  -1 0  # C/C
 619   1   0.000000   10.141883569    14.094018060     3.635789166   0  -1 0  # C/C
 620   1   0.000000    8.803670236    14.193460311     3.594004317   0  -1 0  # C/C
 621   4   0.000000   12.255464865    13.868367340     2.476514772   0  -1 0  # O/O
 622   1   0.000000   12.984653536    13.877491724     3.686630100   0  -1 0  # C/C
 623   1   0.000000   14.474986415    13.788308163     3.375390172   0  -1 0  # C/C
 624   1   0.000000   -14.860054305   12.569315691     3.536782890   1  -1 0  # C/C
 625   4   0.000000   -14.751770570   13.583035869     4.690785837   1  -1 0  # O/O
 626   2   0.000000    5.432831842    -6.086458350     2.287916333   0  0  0  # H/H
 627   2   0.000000    6.627445738    -7.230903806     3.150385039   0  0  0  # H/H
 628   2   0.000000    3.729368895    -7.911745581     2.182121480   0  0  0  # H/H
 629   2   0.000000    5.968387460    -9.461446756     3.782049249   0  0  0  # H/H
 630   2   0.000000    4.188202487    -9.872401776     3.783923936   0  0  0  # H/H
 631   2   0.000000    5.699112686    -11.832000222    0.087653945   0  0  0  # H/H
 632   2   0.000000    6.305089042    -14.163108848    0.189116338   0  0  0  # H/H
 633   2   0.000000    6.125538636    -14.007293985    4.407530476   0  0  0  # H/H
 634   2   0.000000    5.527572340    -11.707157926    4.313075151   0  0  0  # H/H
 635   2   0.000000    6.175444316    13.812217244     3.270472473   0  -1 0  # H/H
 636   2   0.000000    6.223865273    13.741685145     1.503788536   0  -1 0  # H/H
 637   2   0.000000    8.362554037    14.049145662     0.321127963   0  -1 0  # H/H
 638   2   0.000000   10.764663781    13.868825863     0.411181325   0  -1 0  # H/H
 639   2   0.000000   10.611275893    14.116518972     4.631893405   0  -1 0  # H/H
 640   2   0.000000    8.241124077    14.293684651     4.537499267   0  -1 0  # H/H
 641   2   0.000000   12.801541820    14.837917021     4.222288235   0  -1 0  # H/H
 642   2   0.000000   12.652348774    13.019353853     4.314697038   0  -1 0  # H/H
 643   2   0.000000   14.923160085    14.595158753     2.786755467   0  -1 0  # H/H
 644   2   0.000000   -13.866904179   12.432807896     3.110474951   1  -1 0  # H/H
 645   2   0.000000   14.619128535    11.687598395     3.906151090   0  -1 0  # H/H
 646   4   0.000000    8.958764448    -9.053567614    -2.900971554   0  0  0  # O/O
 647   1   0.000000    8.068452274    -9.133864955    -4.154790708   0  0  0  # C/C
 648   1   0.000000    8.540117690    -10.341854435   -3.632790314   0  0  0  # C/C
 649   1   0.000000    9.779130071    -10.989889330   -4.241598910   0  0  0  # C/C
 650   4   0.000000    9.382426449    -12.058483456   -5.076436642   0  0  0  # O/O
 651   1   0.000000   10.344101599    -12.797514940   -5.722728181   0  0  0  # C/C
 652   1   0.000000    9.950868789    -13.778895003   -6.557898540   0  0  0  # C/C
 653   1   0.000000   10.819511633    -14.546431590   -7.232701465   0  0  0  # C/C
 654   1   0.000000   12.143254285    -14.363350819   -7.100027720   0  0  0  # C/C
 655   1   0.000000   12.555368323    -13.384920527   -6.277268567   0  0  0  # C/C
 656   1   0.000000   11.676129039    -12.623014076   -5.607442290   0  0  0  # C/C
 657   1   0.000000   13.131717877    14.783592371    -7.862468534   0  -1 0  # C/C
 658   1   0.000000   13.417316602    -14.581409996   -9.204621873   0  0  0  # C/C
 659   1   0.000000   12.688491264    -14.888944287   -10.289684929  0  0  0  # C/C
 660   1   0.000000   12.946065240    -14.313286385   -11.473455851  0  0  0  # C/C
 661   1   0.000000   13.929717543    -13.408418354   -11.643283771  0  0  0  # C/C
 662   1   0.000000   14.648861462    -13.108945135   -10.542681433  0  0  0  # C/C
 663   1   0.000000   14.400598862    -13.678536548   -9.352563387   0  0  0  # C/C
 664   4   0.000000   14.120422674    -12.870178544   -12.893384354  0  0  0  # O/O
 665   1   0.000000   -14.850324578   -11.921726069   -13.086400327  1  0  0  # C/C
 666   1   0.000000   -14.867930222   -11.449906289   -14.536570050  1  0  0  # C/C
 667   1   0.000000   -13.922867910   -11.952977420   14.564576367   1  0  -1 # C/C
 668   4   0.000000   -13.620513132   -10.585471692   -14.795434225  1  0  0  # O/O
 669   2   0.000000    7.073423490    -8.779557146    -3.888050561   0  0  0  # H/H
 670   2   0.000000    8.585074648    -8.632651251    -4.971581577   0  0  0  # H/H
 671   2   0.000000    7.903080643    -10.959690100   -2.991757444   0  0  0  # H/H
 672   2   0.000000   10.361287991    -10.256825779   -4.845873166   0  0  0  # H/H
 673   2   0.000000   10.406518597    -11.383577137   -3.408399114   0  0  0  # H/H
 674   2   0.000000    8.870339393    -13.958427708   -6.694062751   0  0  0  # H/H
 675   2   0.000000   10.437817551    14.667116458    -7.904621620   0  -1 0  # H/H
 676   2   0.000000   13.635175962    -13.199886280   -6.149983102   0  0  0  # H/H
 677   2   0.000000   12.092963759    -11.840891257   -4.953394017   0  0  0  # H/H
 678   2   0.000000   14.073996294    14.660398053    -7.280901465   0  -1 0  # H/H
 679   2   0.000000   12.735041420    13.750793741    -7.993861029   0  -1 0  # H/H
 680   2   0.000000   11.866942533    14.379829582    -10.211500734  0  -1 0  # H/H
 681   2   0.000000   12.325502312    -14.591578808   -12.342809790  0  0  0  # H/H
 682   2   0.000000   -14.528178837   -12.378025354   -10.582085797  1  0  0  # H/H
 683   2   0.000000   -14.984528580   -13.396245655   -8.481397841   1  0  0  # H/H
 684   2   0.000000   14.965081575    -11.036744228   -12.434013523  0  0  0  # H/H
 685   2   0.000000   -13.873698438   -12.391260278   -12.827490790  1  0  0  # H/H
 686   2   0.000000   14.231019222    -10.944447010   -14.898477695  0  0  0  # H/H
 687   2   0.000000   -14.059638986   -11.804075409   13.494136330   1  0  -1 # H/H
 688   2   0.000000   -13.156900830   -12.656259339   14.886752944   1  0  -1 # H/H
 689   4   0.000000   -8.856200934    -0.241607983    12.095288828   0  0  -1 # O/O
 690   1   0.000000   -7.976447788     0.883497054    11.519668331   0  0  -1 # C/C
 691   1   0.000000   -7.488038902    -0.421943817    11.412560199   0  0  -1 # C/C
 692   1   0.000000   -6.485759568    -0.935222223    12.441020322   0  0  -1 # C/C
 693   4   0.000000   -5.190202410    -0.915957243    11.877653903   0  0  -1 # O/O
 694   1   0.000000   -4.125405746    -1.352127550    12.629081149   0  0  -1 # C/C
 695   1   0.000000   -2.888635819    -1.278068982    12.099776061   0  0  -1 # C/C
 696   1   0.000000   -1.792667076    -1.676649422    12.762345256   0  0  -1 # C/C
 697   1   0.000000   -1.886472849    -2.175664327    14.005566918   0  0  -1 # C/C
 698   1   0.000000   -3.110407120    -2.251050265    14.553652954   0  0  -1 # C/C
 699   1   0.000000   -4.199947215    -1.848586312    13.880484664   0  0  -1 # C/C
 700   1   0.000000   -0.657134151    -2.619726418    14.765578374   0  0  -1 # C/C
 701   1   0.000000   -0.087125604    -1.448357165    -14.466861505  0  0  0  # C/C
 702   1   0.000000    0.840245058    -0.644104510    14.988816098   0  0  -1 # C/C
 703   1   0.000000    1.332920489     0.396770556    -14.323513932  0  0  0  # C/C
 704   1   0.000000    0.934860997     0.694935524    -13.071377429  0  0  0  # C/C
 705   1   0.000000    0.000761129    -0.120783317    -12.542002419  0  0  0  # C/C
 706   1   0.000000   -0.499758758    -1.165644388    -13.220379043  0  0  0  # C/C
 707   4   0.000000    1.494755325     1.781956514    -12.443901757  0  0  0  # O/O
 708   1   0.000000    1.088251836     2.105014644    -11.129912854  0  0  0  # C/C
 709   1   0.000000    1.818650167     3.363674540    -10.673612914  0  0  0  # C/C
 710   1   0.000000    2.904676055     3.250818402    -9.800702631   0  0  0  # C/C
 711   4   0.000000    1.538116070     3.588606382    -9.176611406   0  0  0  # O/O
 712   2   0.000000   -8.506924748     1.334480376    10.681828938   0  0  -1 # H/H
 713   2   0.000000   -7.674747545     1.532828686    12.339794282   0  0  -1 # H/H
 714   2   0.000000   -7.594278137    -0.982928816    10.478499544   0  0  -1 # H/H
 715   2   0.000000   -6.489919358    -0.302387860    13.358048542   0  0  -1 # H/H
 716   2   0.000000   -6.762664134    -1.984060815    12.698099724   0  0  -1 # H/H
 717   2   0.000000   -2.771345416    -0.871813849    11.080209394   0  0  -1 # H/H
 718   2   0.000000   -0.806032315    -1.588938900    12.278059747   0  0  -1 # H/H
 719   2   0.000000   -3.225063000    -2.647676891    -14.423622671  0  0  0  # H/H
 720   2   0.000000   -5.167279482    -1.941442502    14.399033065   0  0  -1 # H/H
 721   2   0.000000   -0.905143235    -3.456348066    -14.541715756  0  0  0  # H/H
 722   2   0.000000    0.103161059    -3.037769158    14.066664452   0  0  -1 # H/H
 723   2   0.000000    1.202247161    -0.835746447    13.965109800   0  0  -1 # H/H
 724   2   0.000000    2.094122149     1.035327768    -14.804282077  0  0  0  # H/H
 725   2   0.000000   -0.389062045     0.044723670    -11.525289859  0  0  0  # H/H
 726   2   0.000000   -1.265544368    -1.800544177    -12.743765493  0  0  0  # H/H
 727   2   0.000000   -0.005661621     2.319907759    -11.122800301  0  0  0  # H/H
 728   2   0.000000    1.313619299     1.243520518    -10.460336483  0  0  0  # H/H
 729   2   0.000000    1.650896344     4.285372465    -11.239907820  0  0  0  # H/H
 730   2   0.000000    3.567629320     4.101488705    -9.647167577   0  0  0  # H/H
 731   2   0.000000    3.222956885     2.282227842    -9.419076620   0  0  0  # H/H
 732   4   0.000000   -13.528387529   -13.185500868   11.741006216   0  0  0  # O/O
 733   1   0.000000   -13.207940616   -14.404352120   10.856200418   0  0  0  # C/C
 734   1   0.000000   -12.194540039   -13.455645143   11.021020325   0  0  0  # C/C
 735   1   0.000000   -11.984296222   -12.388371999    9.952154392   0  0  0  # C/C
 736   4   0.000000   -10.868717755   -12.738129639    9.158822502   0  0  0  # O/O
 737   1   0.000000   -10.486258768   -11.905240118    8.134762177   0  0  0  # C/C
 738   1   0.000000   -9.454566810    -12.276718014    7.351905692   0  0  0  # C/C
 739   1   0.000000   -9.016696084    -11.528739034    6.328280535   0  0  0  # C/C
 740   1   0.000000   -9.601458928    -10.355471884    6.036883707   0  0  0  # C/C
 741   1   0.000000   -10.636607884   -9.970814072     6.801476047   0  0  0  # C/C
 742   1   0.000000   -11.065952472   -10.728409814    7.823211000   0  0  0  # C/C
 743   1   0.000000   -9.122359241    -9.508125893     4.879926295   0  0  0  # C/C
 744   1   0.000000   -9.851695274    -9.915122824     3.619534825   0  0  0  # C/C
 745   1   0.000000   -9.361456788    -10.865484335    2.807374264   0  0  0  # C/C
 746   1   0.000000   -10.021307991   -11.223816909    1.695963392   0  0  0  # C/C
 747   1   0.000000   -11.193078981   -10.665870996    1.334233334   0  0  0  # C/C
 748   1   0.000000   -11.672203355   -9.716267190     2.163009623   0  0  0  # C/C
 749   1   0.000000   -11.020852115   -9.349093036     3.278076599   0  0  0  # C/C
 750   4   0.000000   -11.798297845   -11.096879253    0.178048219   0  0  0  # O/O
 751   1   0.000000   -13.026366678   -10.519023089   -0.214517286   0  0  0  # C/C
 752   1   0.000000   -13.508814498   -11.188273604   -1.497195710   0  0  0  # C/C
 753   1   0.000000   -13.352122787   -10.527525224   -2.719087844   0  0  0  # C/C
 754   4   0.000000   -14.727282462   -10.416181805   -2.035263832   0  0  0  # O/O
 755   2   0.000000   -13.225232516   14.705889609    11.484529806   0  -1 0  # H/H
 756   2   0.000000   -13.868123854   -14.379580015    9.990864867   0  0  0  # H/H
 757   2   0.000000   -11.390790114   -13.617543766   11.746440993   0  0  0  # H/H
 758   2   0.000000   -12.879223542   -12.294727265    9.295059920   0  0  0  # H/H
 759   2   0.000000   -11.784069155   -11.420059214   10.467040614   0  0  0  # H/H
 760   2   0.000000   -8.949450082    -13.235894265    7.559642238   0  0  0  # H/H
 761   2   0.000000   -8.169147403    -11.886591514    5.720599224   0  0  0  # H/H
 762   2   0.000000   -11.146966379   -9.017021115     6.586448134   0  0  0  # H/H
 763   2   0.000000   -11.920892590   -10.344481808    8.401936420   0  0  0  # H/H
 764   2   0.000000   -9.284491654    -8.426512953     5.092322713   0  0  0  # H/H
 765   2   0.000000   -8.021329294    -9.615738304     4.747858762   0  0  0  # H/H
 766   2   0.000000   -8.407827967    -11.361250745    3.053452457   0  0  0  # H/H
 767   2   0.000000   -9.586777928    -12.008800001    1.053074240   0  0  0  # H/H
 768   2   0.000000   -12.624911640   -9.205252584     1.952605021   0  0  0  # H/H
 769   2   0.000000   -11.457345371   -8.569653974     3.925096079   0  0  0  # H/H
 770   2   0.000000   -13.790609074   -10.699800395    0.576766112   0  0  0  # H/H
 771   2   0.000000   -12.879402578   -9.424519691    -0.362026621   0  0  0  # H/H
 772   2   0.000000   -13.716400243   -12.262654302   -1.466009129   0  0  0  # H/H
 773   2   0.000000   -13.480212755   -11.075196470   -3.652023627   0  0  0  # H/H
 774   2   0.000000   -12.915534739   -9.531554367    -2.769503114   0  0  0  # H/H
 775   4   0.000000    4.516623157     9.468046005     3.926878548   0  0  0  # O/O
 776   1   0.000000    5.198359244    10.605465883     3.144141153   0  0  0  # C/C
 777   1   0.000000    4.357936201     9.753025167     2.422181879   0  0  0  # C/C
 778   1   0.000000    4.960984604     8.595634250     1.633177634   0  0  0  # C/C
 779   4   0.000000    4.997920906     8.936486801     0.262529445   0  0  0  # O/O
 780   1   0.000000    5.494934497     8.028405935    -0.641376529   0  0  0  # C/C
 781   1   0.000000    5.574795622     8.386033976    -1.937899874   0  0  0  # C/C
 782   1   0.000000    6.050155879     7.566104024    -2.886983269   0  0  0  # C/C
 783   1   0.000000    6.474326311     6.330430609    -2.576167959   0  0  0  # C/C
 784   1   0.000000    6.409496697     5.957547445    -1.287427602   0  0  0  # C/C
 785   1   0.000000    5.931941908     6.787412901    -0.346420085   0  0  0  # C/C
 786   1   0.000000    7.020514592     5.400669376    -3.636028611   0  0  0  # C/C
 787   1   0.000000    8.509556514     5.619346977    -3.781281741   0  0  0  # C/C
 788   1   0.000000    9.000298290     6.510080062    -4.658146971   0  0  0  # C/C
 789   1   0.000000   10.322950412     6.701185090    -4.772646765   0  0  0  # C/C
 790   1   0.000000   11.222059183     6.027206287    -4.029305982   0  0  0  # C/C
 791   1   0.000000   10.711597492     5.139768833    -3.151774605   0  0  0  # C/C
 792   1   0.000000    9.389801549     4.939686590    -3.028193700   0  0  0  # C/C
 793   4   0.000000   12.558352739     6.289470046    -4.214668505   0  0  0  # O/O
 794   1   0.000000   13.512370068     5.588520787    -3.443500850   0  0  0  # C/C
 795   1   0.000000   14.909679886     6.082260079    -3.803588164   0  0  0  # C/C
 796   1   0.000000   -14.281346514    5.308079316    -4.640467463   1  0  0  # C/C
 797   4   0.000000   -14.049417717    5.173872344    -3.124131652   1  0  0  # O/O
 798   2   0.000000    4.815642814    11.553518174     3.520294842   0  0  0  # H/H
 799   2   0.000000    6.274364358    10.442696604     3.175451504   0  0  0  # H/H
 800   2   0.000000    3.328847494    10.047008722     2.191942107   0  0  0  # H/H
 801   2   0.000000    5.996562434     8.370215244     1.976983131   0  0  0  # H/H
 802   2   0.000000    4.307305429     7.703924106     1.775953353   0  0  0  # H/H
 803   2   0.000000    5.236896739     9.394887408    -2.231763035   0  0  0  # H/H
 804   2   0.000000    6.093923696     7.915915363    -3.931679466   0  0  0  # H/H
 805   2   0.000000    6.756987239     4.952891563    -0.993589754   0  0  0  # H/H
 806   2   0.000000    5.912453147     6.408144187     0.687515049   0  0  0  # H/H
 807   2   0.000000    6.805888966     4.339046579    -3.374918315   0  0  0  # H/H
 808   2   0.000000    6.502687021     5.570565868    -4.607768802   0  0  0  # H/H
 809   2   0.000000    8.312769244     7.094807553    -5.291506516   0  0  0  # H/H
 810   2   0.000000   10.688649851     7.441959296    -5.504656864   0  0  0  # H/H
 811   2   0.000000   11.367932558     4.543770953    -2.498268746   0  0  0  # H/H
 812   2   0.000000    9.022619016     4.204712428    -2.292207431   0  0  0  # H/H
 813   2   0.000000   13.341015723     5.798301713    -2.362063870   0  0  0  # H/H
 814   2   0.000000   13.406809332     4.497552038    -3.643348942   0  0  0  # H/H
 815   2   0.000000   -14.858545213    7.136664003    -3.622284299   1  0  0  # H/H
 816   2   0.000000   -13.386368174    5.743220119    -5.083622360   1  0  0  # H/H
 817   2   0.000000   -14.620333194    4.345459293    -5.019359917   1  0  0  # H/H
 818   4   0.000000   -4.044416934    -13.832863079    1.309808136   0  0  0  # O/O
 819   1   0.000000   -2.539048912    -13.509032676    1.322726662   0  0  0  # C/C
 820   1   0.000000   -3.362873967    -12.730330914    2.140728559   0  0  0  # C/C
 821   1   0.000000   -3.842410713    -11.369931838    1.645645057   0  0  0  # C/C
 822   4   0.000000   -3.079206330    -10.354471639    2.264176273   0  0  0  # O/O
 823   1   0.000000   -3.350665866    -9.039270917     1.972223945   0  0  0  # C/C
 824   1   0.000000   -2.580632278    -8.082888699     2.526867727   0  0  0  # C/C
 825   1   0.000000   -2.770616866    -6.775586943     2.294747574   0  0  0  # C/C
 826   1   0.000000   -3.756362220    -6.359325025     1.483299725   0  0  0  # C/C
 827   1   0.000000   -4.530736073    -7.298105100     0.914851356   0  0  0  # C/C
 828   1   0.000000   -4.330472435    -8.603702052     1.154729394   0  0  0  # C/C
 829   1   0.000000   -3.974376694    -4.888863295     1.207085712   0  0  0  # C/C
 830   1   0.000000   -3.139440558    -4.468813726     0.018555435   0  0  0  # C/C
 831   1   0.000000   -1.889786905    -4.003023231     0.175177628   0  0  0  # C/C
 832   1   0.000000   -1.155673238    -3.640783423    -0.887319155   0  0  0  # C/C
 833   1   0.000000   -1.615922105    -3.722043310    -2.150951752   0  0  0  # C/C
 834   1   0.000000   -2.870937439    -4.195169771    -2.289752161   0  0  0  # C/C
 835   1   0.000000   -3.615388829    -4.560762921    -1.234013824   0  0  0  # C/C
 836   4   0.000000   -0.792006991    -3.328722961    -3.178222407   0  0  0  # O/O
 837   1   0.000000   -1.262403888    -3.406558492    -4.508202433   0  0  0  # C/C
 838   1   0.000000   -0.158300174    -2.954987284    -5.458441625   0  0  0  # C/C
 839   1   0.000000   -0.212341698    -1.674790042    -6.017311588   0  0  0  # C/C
 840   4   0.000000   -0.739791338    -2.836786048    -6.879076597   0  0  0  # O/O
 841   2   0.000000   -2.011162039    -14.364697703    1.742177996   0  0  0  # H/H
 842   2   0.000000   -2.254563391    -13.173924338    0.326718846   0  0  0  # H/H
 843   2   0.000000   -3.450194371    -12.944458066    3.210768259   0  0  0  # H/H
 844   2   0.000000   -3.731994187    -11.281782619    0.540441322   0  0  0  # H/H
 845   2   0.000000   -4.913321551    -11.256448105    1.933915363   0  0  0  # H/H
 846   2   0.000000   -1.759043867    -8.386504421     3.198527191   0  0  0  # H/H
 847   2   0.000000   -2.105917809    -6.038722201     2.775246540   0  0  0  # H/H
 848   2   0.000000   -5.344874056    -6.993834141     0.235865105   0  0  0  # H/H
 849   2   0.000000   -5.006891070    -9.311461233     0.649970835   0  0  0  # H/H
 850   2   0.000000   -5.052653909    -4.680667639     1.019313176   0  0  0  # H/H
 851   2   0.000000   -3.713670450    -4.281147361     2.103747749   0  0  0  # H/H
 852   2   0.000000   -1.457059003    -3.917632832     1.185722918   0  0  0  # H/H
 853   2   0.000000   -0.132576159    -3.262379696    -0.718783471   0  0  0  # H/H
 854   2   0.000000   -3.332569830    -4.300791105    -3.284135774   0  0  0  # H/H
 855   2   0.000000   -4.635470018    -4.945592362    -1.401424962   0  0  0  # H/H
 856   2   0.000000   -1.513995713    -4.465192328    -4.750838466   0  0  0  # H/H
 857   2   0.000000   -2.167738094    -2.765059779    -4.608922421   0  0  0  # H/H
 858   2   0.000000    0.772938803    -3.530333330    -5.469809360   0  0  0  # H/H
 859   2   0.000000    0.667143218    -1.259925662    -6.508345027   0  0  0  # H/H
 860   2   0.000000   -1.042574052    -1.002631696    -5.807487459   0  0  0  # H/H
 861   1   0.000000    9.328287952    13.665677304    12.553172449   0  -1 0  # C/C
 862   1   0.000000   10.029735722    14.567776436    11.827580537   0  -1 0  # C/C
 863   1   0.000000    9.581100755    -14.166930340   11.676541260   0  0  0  # C/C
 864   1   0.000000    8.416765961    -13.848821787   12.274648789   0  0  0  # C/C
 865   1   0.000000    7.686822128    -14.707352002   13.002934007   0  0  0  # C/C
 866   1   0.000000    8.166958059    14.041578395    13.130287047   0  -1 0  # C/C
 867   1   0.000000    6.376590067    -14.292585138   13.657160059   0  0  0  # C/C
 868   1   0.000000    5.902481823    -12.845334547   13.460900004   0  0  0  # C/C
 869   1   0.000000   10.222614737    -13.014703709   10.903694766   0  0  0  # C/C
 870   1   0.000000   11.546996743    -13.133664714   10.142383641   0  0  0  # C/C
 871   1   0.000000    9.787479348    12.227204011    12.755648344   0  -1 0  # C/C
 872   3   0.000000    7.499887911    13.203815694    13.813476921   0  -1 0  # N/N
 873   3   0.000000   11.118242798    14.196420834    11.293128872   0  -1 0  # N/N
 874   2   0.000000    8.051175231    -12.818081868   12.151681768   0  0  0  # H/H
 875   2   0.000000    5.569806330    -14.961686973   13.269840725   0  0  0  # H/H
 876   2   0.000000    6.469497404    -14.465255349   14.757205006   0  0  0  # H/H
 877   2   0.000000    4.935541763    -12.674606657   13.988911034   0  0  0  # H/H
 878   2   0.000000    6.629598865    -12.112197310   13.879292556   0  0  0  # H/H
 879   2   0.000000    5.726295971    -12.610606782   12.386143565   0  0  0  # H/H
 880   2   0.000000    9.464737572    -12.670164632   10.156118925   0  0  0  # H/H
 881   2   0.000000   10.358108966    -12.177009729   11.632963475   0  0  0  # H/H
 882   2   0.000000   11.806167598    -12.161669527    9.661039291   0  0  0  # H/H
 883   2   0.000000   12.397479702    -13.372979205   10.820798921   0  0  0  # H/H
 884   2   0.000000   11.486080194    -13.875985554    9.314027024   0  0  0  # H/H
 885   2   0.000000   10.741123298    11.932608245    12.276797081   0  -1 0  # H/H
 886   2   0.000000    9.931141114    12.018726772    13.840709816   0  -1 0  # H/H
 887   2   0.000000    9.028211876    11.520471992    12.348863303   0  -1 0  # H/H
 888   2   0.000000    7.821568689    12.216056934    13.948780722   0  -1 0  # H/H
 889   2   0.000000    6.595547935    13.466624567    14.272868697   0  -1 0  # H/H
 890   2   0.000000   11.719716063    14.822840882    10.720070336   0  -1 0  # H/H
 891   2   0.000000   11.504237423    13.229833756    11.382331058   0  -1 0  # H/H
 892   1   0.000000   -1.554413197    -8.857047040    -12.846772735  0  0  0  # C/C
 893   1   0.000000   -1.077355523    -10.100048823   -13.091022573  0  0  0  # C/C
 894   1   0.000000   -0.105163524    -10.632014436   -12.318424071  0  0  0  # C/C
 895   1   0.000000    0.361804437    -9.876473536    -11.305655563  0  0  0  # C/C
 896   1   0.000000   -0.079016451    -8.640754622    -11.024644534  0  0  0  # C/C
 897   1   0.000000   -1.048089112    -8.145651751    -11.816917078  0  0  0  # C/C
 898   1   0.000000    0.485757339    -7.831425258    -9.865865919   0  0  0  # C/C
 899   1   0.000000    1.589418696    -8.472887230    -9.012467385   0  0  0  # C/C
 900   1   0.000000    0.557997056    -12.004494628   -12.432328714  0  0  0  # C/C
 901   1   0.000000    0.195167310    -13.038811409   -13.502972177  0  0  0  # C/C
 902   1   0.000000   -2.648910949    -8.209268597    -13.685531579  0  0  0  # C/C
 903   3   0.000000   -1.487735071    -6.978088096    -11.577994767  0  0  0  # N/N
 904   3   0.000000   -1.565199167    -10.753107524   -14.062575007  0  0  0  # N/N
 905   2   0.000000    1.153802338    -10.309723602   -10.676182803  0  0  0  # H/H
 906   2   0.000000    0.896968455    -6.877782155    -10.278278067  0  0  0  # H/H
 907   2   0.000000   -0.357899049    -7.575055329    -9.179524883   0  0  0  # H/H
 908   2   0.000000    1.912362138    -7.778105393    -8.202589324   0  0  0  # H/H
 909   2   0.000000    1.236733155    -9.404463859    -8.513448726   0  0  0  # H/H
 910   2   0.000000    2.496526116    -8.704365657    -9.616465603   0  0  0  # H/H
 911   2   0.000000    1.656670137    -11.820840945   -12.537891000  0  0  0  # H/H
 912   2   0.000000    0.410764194    -12.513368148   -11.446786749  0  0  0  # H/H
 913   2   0.000000    0.814257179    -13.958118498   -13.379526759  0  0  0  # H/H
 914   2   0.000000   -0.864246066    -13.372358891   -13.417946557  0  0  0  # H/H
 915   2   0.000000    0.406930210    -12.665946369   -14.531103431  0  0  0  # H/H
 916   2   0.000000   -3.054767886    -8.803631017    -14.526682838  0  0  0  # H/H
 917   2   0.000000   -3.530547273    -7.969308637    -13.047882405  0  0  0  # H/H
 918   2   0.000000   -2.271739129    -7.269334988    -14.149964070  0  0  0  # H/H
 919   2   0.000000   -2.240720577    -6.538638479    -12.158813046  0  0  0  # H/H
 920   2   0.000000   -1.114192381    -6.402573494    -10.786042179  0  0  0  # H/H
 921   2   0.000000   -1.258129199    -11.712989337   -14.321231518  0  0  0  # H/H
 922   2   0.000000   -2.317034207    -10.383322253   -14.686467935  0  0  0  # H/H
 923   1   0.000000    3.008156471     1.224427205    11.423704911   0  0  0  # C/C
 924   1   0.000000    4.322973936     0.906222747    11.471625625   0  0  0  # C/C
 925   1   0.000000    5.156004707     1.534969852    12.329407622   0  0  0  # C/C
 926   1   0.000000    4.623270496     2.482249025    13.125308124   0  0  0  # C/C
 927   1   0.000000    3.327927486     2.831895868    13.114125020   0  0  0  # C/C
 928   1   0.000000    2.529976998     2.182752603    12.245901259   0  0  0  # C/C
 929   1   0.000000    2.779958605     3.910941021    14.037240936   0  0  0  # C/C
 930   1   0.000000    3.760264508     4.600766360    14.996913926   0  0  0  # C/C
 931   1   0.000000    6.655794905     1.319478905    12.531028833   0  0  0  # C/C
 932   1   0.000000    7.482376352     0.298015482    11.742923740   0  0  0  # C/C
 933   1   0.000000    2.025217384     0.547784454    10.476580854   0  0  0  # C/C
 934   3   0.000000    1.297964023     2.490045480    12.209950669   0  0  0  # N/N
 935   3   0.000000    4.753801249     0.003560702    10.691894723   0  0  0  # N/N
 936   2   0.000000    5.301792833     2.994533396    13.824146025   0  0  0  # H/H
 937   2   0.000000    2.320165865     4.707713756    13.402924474   0  0  0  # H/H
 938   2   0.000000    1.971135815     3.455701355    14.659421136   0  0  0  # H/H
 939   2   0.000000    3.232867651     5.365847329    -14.387114967  0  0  1  # H/H
 940   2   0.000000    4.219230447     3.877224259    -14.290991399  0  0  1  # H/H
 941   2   0.000000    4.569550403     5.134206150    14.447606807   0  0  0  # H/H
 942   2   0.000000    7.146485533     2.311067652    12.363908893   0  0  0  # H/H
 943   2   0.000000    6.800099503     1.067898864    13.611679751   0  0  0  # H/H
 944   2   0.000000    8.548517269     0.327866425    12.068636845   0  0  0  # H/H
 945   2   0.000000    7.138295774    -0.745707045    11.924835319   0  0  0  # H/H
 946   2   0.000000    7.491822653     0.522600616    10.651870110   0  0  0  # H/H
 947   2   0.000000    2.430835471    -0.235832526     9.808044860   0  0  0  # H/H
 948   2   0.000000    1.217223326     0.045003833    11.056078145   0  0  0  # H/H
 949   2   0.000000    1.566915553     1.301243821     9.795633188   0  0  0  # H/H
 950   2   0.000000    0.627422576     2.020597472    11.556157317   0  0  0  # H/H
 951   2   0.000000    0.898423526     3.229400059    12.835779957   0  0  0  # H/H
 952   2   0.000000    5.747555039    -0.303246318    10.662043304   0  0  0  # H/H
 953   2   0.000000    4.147973641    -0.509228802    10.012733994   0  0  0  # H/H
 954   1   0.000000    9.281765445    -0.217193117    -1.159401250   0  0  0  # C/C
 955   1   0.000000    8.576874861    -1.369600117    -1.245324536   0  0  0  # C/C
 956   1   0.000000    8.045089922    -1.769142720    -2.421174708   0  0  0  # C/C
 957   1   0.000000    8.246674369    -0.976365213    -3.491440429   0  0  0  # C/C
 958   1   0.000000    8.937415232     0.173367519    -3.455618676   0  0  0  # C/C
 959   1   0.000000    9.451680800     0.537385484    -2.266103521   0  0  0  # C/C
 960   1   0.000000    9.134093626     1.030452816    -4.697984859   0  0  0  # C/C
 961   1   0.000000    8.513496081     0.540297291    -6.014205645   0  0  0  # C/C
 962   1   0.000000    7.225903048    -3.024957761    -2.718360757   0  0  0  # C/C
 963   1   0.000000    6.867164320    -4.076544777    -1.663275300   0  0  0  # C/C
 964   1   0.000000    9.902553794     0.280227686     0.139926658   0  0  0  # C/C
 965   3   0.000000   10.111176202     1.620887863    -2.197797287   0  0  0  # N/N
 966   3   0.000000    8.427876898    -2.065114189    -0.195347868   0  0  0  # N/N
 967   2   0.000000    7.813507580    -1.301739686    -4.449407148   0  0  0  # H/H
 968   2   0.000000    8.712250449     2.043883885    -4.489132442   0  0  0  # H/H
 969   2   0.000000   10.232385212     1.142748071    -4.870295709   0  0  0  # H/H
 970   2   0.000000    8.730844576     1.256334802    -6.840623611   0  0  0  # H/H
 971   2   0.000000    8.930605602    -0.444640091    -6.325910201   0  0  0  # H/H
 972   2   0.000000    7.404540627     0.460118790    -5.943288859   0  0  0  # H/H
 973   2   0.000000    6.255141964    -2.677847989    -3.153208241   0  0  0  # H/H
 974   2   0.000000    7.764484949    -3.572783896    -3.531834052   0  0  0  # H/H
 975   2   0.000000    6.266059439    -4.896381543    -2.121726125   0  0  0  # H/H
 976   2   0.000000    7.773007814    -4.565542351    -1.237635878   0  0  0  # H/H
 977   2   0.000000    6.233066866    -3.652615711    -0.851406895   0  0  0  # H/H
 978   2   0.000000    9.755285355    -0.348112469     1.039383514   0  0  0  # H/H
 979   2   0.000000   11.007308495     0.371791459     0.027708186   0  0  0  # H/H
 980   2   0.000000    9.482531734     1.276259306     0.409989227   0  0  0  # H/H
 981   2   0.000000   10.535537721     1.957053432    -1.300934409   0  0  0  # H/H
 982   2   0.000000   10.259444074     2.226939157    -3.039615893   0  0  0  # H/H
 983   2   0.000000    7.901914913    -2.962514254    -0.170743738   0  0  0  # H/H
 984   2   0.000000    8.820318035    -1.796651677     0.734790452   0  0  0  # H/H
 985   1   0.000000   -1.746553459     5.542506379     4.713567280   0  0  0  # C/C
 986   1   0.000000   -0.857529242     4.738165496     5.342031380   0  0  0  # C/C
 987   1   0.000000    0.419880771     5.134551105     5.532176711   0  0  0  # C/C
 988   1   0.000000    0.763444221     6.353239816     5.072434218   0  0  0  # C/C
 989   1   0.000000   -0.081316446     7.185116231     4.444220451   0  0  0  # C/C
 990   1   0.000000   -1.345195646     6.754388602     4.273904462   0  0  0  # C/C
 991   1   0.000000    0.362152107     8.552980255     3.945186401   0  0  0  # C/C
 992   1   0.000000    1.822379809     8.964911022     4.181573822   0  0  0  # C/C
 993   1   0.000000    1.560816446     4.377967098     6.212106506   0  0  0  # C/C
 994   1   0.000000    1.413351602     2.976277628     6.813151261   0  0  0  # C/C
 995   1   0.000000   -3.197720895     5.145983803     4.472856752   0  0  0  # C/C
 996   3   0.000000   -2.170431154     7.517924367     3.682654241   0  0  0  # N/N
 997   3   0.000000   -1.252836101     3.603590367     5.748064611   0  0  0  # N/N
 998   2   0.000000    1.804057362     6.676274693     5.227272872   0  0  0  # H/H
 999   2   0.000000    0.179483646     8.594972107     2.843604607   0  0  0  # H/H
 1000  2   0.000000   -0.283385257     9.324500616     4.431584904   0  0  0  # H/H
 1001  2   0.000000    2.014013442     9.983057709     3.769784295   0  0  0  # H/H
 1002  2   0.000000    2.069085754     9.006930428     5.267212931   0  0  0  # H/H
 1003  2   0.000000    2.533745999     8.274621941     3.672949099   0  0  0  # H/H
 1004  2   0.000000    2.389482777     4.309036728     5.463430790   0  0  0  # H/H
 1005  2   0.000000    1.930076762     5.033425910     7.040323449   0  0  0  # H/H
 1006  2   0.000000    2.381817430     2.638160631     7.250629714   0  0  0  # H/H
 1007  2   0.000000    0.678732132     2.957116577     7.650293464   0  0  0  # H/H
 1008  2   0.000000    1.147548568     2.218031460     6.041570263   0  0  0  # H/H
 1009  2   0.000000   -3.513088021     4.149735497     4.838308349   0  0  0  # H/H
 1010  2   0.000000   -3.881831268     5.868729747     4.973946723   0  0  0  # H/H
 1011  2   0.000000   -3.417700771     5.137249715     3.380627893   0  0  0  # H/H
 1012  2   0.000000   -3.167094053     7.238962341     3.520493015   0  0  0  # H/H
 1013  2   0.000000   -1.887859811     8.463546669     3.330671290   0  0  0  # H/H
 1014  2   0.000000   -0.637927237     2.923315997     6.239676370   0  0  0  # H/H
 1015  2   0.000000   -2.229599468     3.254729066     5.623691875   0  0  0  # H/H
 1016  1   0.000000   -2.525136129    -14.691823644   -2.437846746   0  1  0  # C/C
 1017  1   0.000000   -2.797382592    14.077482143    -1.944319587   0  0  0  # C/C
 1018  1   0.000000   -4.073205090    13.663362843    -1.783585960   0  0  0  # C/C
 1019  1   0.000000   -5.050181842    14.522363614    -2.133207586   0  0  0  # C/C
 1020  1   0.000000   -4.830009541    -14.249250975   -2.626041159   0  1  0  # C/C
 1021  1   0.000000   -3.545732116    -13.873232744   -2.771527400   0  1  0  # C/C
 1022  1   0.000000   -5.974119195    -13.319618473   -3.004918234   0  1  0  # C/C
 1023  1   0.000000   -7.409056725    -13.829025624   -2.806702316   0  1  0  # C/C
 1024  1   0.000000   -4.579716239    12.324467505    -1.247615969   0  0  0  # C/C
 1025  1   0.000000   -3.659607366    11.189045971    -0.787233898   0  0  0  # C/C
 1026  1   0.000000   -1.106424839    -14.174450748   -2.639445862   0  1  0  # C/C
 1027  3   0.000000   -3.302658609    -12.716003021   -3.235544606   0  1  0  # N/N
 1028  3   0.000000   -1.825819235    13.322654234    -1.636601063   0  0  0  # N/N
 1029  2   0.000000   -6.089574885    14.185122660    -2.002314914   0  0  0  # H/H
 1030  2   0.000000   -5.869404366    -12.381224718   -2.407368658   0  1  0  # H/H
 1031  2   0.000000   -5.861806043    -13.055323093   -4.084769783   0  1  0  # H/H
 1032  2   0.000000   -8.146860024    -13.054698664   -3.121314447   0  1  0  # H/H
 1033  2   0.000000   -7.614203423    -14.735287609   -3.421393926   0  1  0  # H/H
 1034  2   0.000000   -7.621858329    -14.058451644   -1.737441282   0  1  0  # H/H
 1035  2   0.000000   -5.242841516    12.558795596    -0.377380471   0  0  0  # H/H
 1036  2   0.000000   -5.235461988    11.889294718    -2.042942882   0  0  0  # H/H
 1037  2   0.000000   -4.262874384    10.317871060    -0.439728876   0  0  0  # H/H
 1038  2   0.000000   -3.023140382    10.806027680    -1.617322294   0  0  0  # H/H
 1039  2   0.000000   -3.030741031    11.488953877     0.081965804   0  0  0  # H/H
 1040  2   0.000000   -0.279411236    -14.855883384   -2.361560917   0  1  0  # H/H
 1041  2   0.000000   -0.934535625    -13.932482636   -3.713394366   0  1  0  # H/H
 1042  2   0.000000   -0.942196418    -13.255749173   -2.030801670   0  1  0  # H/H
 1043  2   0.000000   -2.324505412    -12.366543358   -3.371732990   0  1  0  # H/H
 1044  2   0.000000   -4.073867545    -12.059055099   -3.503119466   0  1  0  # H/H
 1045  2   0.000000   -1.943483698    12.363287124    -1.251454244   0  0  0  # H/H
 1046  2   0.000000   -0.824184178    13.599375581    -1.743334230   0  0  0  # H/H
 1047  1   0.000000   -2.146928061    -6.627702239     6.871353390   0  0  0  # C/C
 1048  1   0.000000   -1.535767006    -5.427310288     7.004907762   0  0  0  # C/C
 1049  1   0.000000   -0.937029702    -5.081255828     8.165430529   0  0  0  # C/C
 1050  1   0.000000   -0.976306200    -5.976056503     9.171606601   0  0  0  # C/C
 1051  1   0.000000   -1.569204816    -7.176716222     9.086877854   0  0  0  # C/C
 1052  1   0.000000   -2.154555336    -7.484859576     7.914556694   0  0  0  # C/C
 1053  1   0.000000   -1.582822526    -8.149417117    10.257526758   0  0  0  # C/C
 1054  1   0.000000   -0.890875812    -7.717243197    11.558398141   0  0  0  # C/C
 1055  1   0.000000   -0.202319764    -3.785604935     8.508866361   0  0  0  # C/C
 1056  1   0.000000   -0.027123755    -2.621057264     7.528627038   0  0  0  # C/C
 1057  1   0.000000   -2.836789419    -7.068601668     5.586535255   0  0  0  # C/C
 1058  3   0.000000   -2.725014947    -8.614150451     7.801175561   0  0  0  # N/N
 1059  3   0.000000   -1.538776344    -4.635508158     6.014235490   0  0  0  # N/N
 1060  2   0.000000   -0.488581514    -5.694265057    10.117080271   0  0  0  # H/H
 1061  2   0.000000   -2.648382873    -8.374846488    10.507279186   0  0  0  # H/H
 1062  2   0.000000   -1.098383399    -9.099306024     9.923497633   0  0  0  # H/H
 1063  2   0.000000   -0.973641762    -8.516928889    12.330777149   0  0  0  # H/H
 1064  2   0.000000    0.196878067    -7.531099915    11.405480161   0  0  0  # H/H
 1065  2   0.000000   -1.359238174    -6.803885300    11.991588664   0  0  0  # H/H
 1066  2   0.000000   -0.710579008    -3.359134500     9.409838124   0  0  0  # H/H
 1067  2   0.000000    0.828644900    -4.078376496     8.830299737   0  0  0  # H/H
 1068  2   0.000000    0.541778292    -1.791394692     8.009924281   0  0  0  # H/H
 1069  2   0.000000    0.565593587    -2.916107024     6.632819150   0  0  0  # H/H
 1070  2   0.000000   -1.004684327    -2.182212660     7.224133225   0  0  0  # H/H
 1071  2   0.000000   -2.823086034    -6.356014098     4.739450163   0  0  0  # H/H
 1072  2   0.000000   -2.360504580    -7.995943328     5.193279538   0  0  0  # H/H
 1073  2   0.000000   -3.915664194    -7.269627197     5.779017111   0  0  0  # H/H
 1074  2   0.000000   -3.197512246    -8.911061284     6.914584748   0  0  0  # H/H
 1075  2   0.000000   -2.747021078    -9.299710779     8.593301099   0  0  0  # H/H
 1076  2   0.000000   -1.093744310    -3.695141820     6.029265100   0  0  0  # H/H
 1077  2   0.000000   -1.988357661    -4.859461003     5.098287226   0  0  0  # H/H
 1078  1   0.000000   11.448920640    -2.000373419     7.586420135   0  0  0  # C/C
 1079  1   0.000000   10.641626005    -2.954298537     7.066230092   0  0  0  # C/C
 1080  1   0.000000   11.120994571    -4.183747854     6.776897592   0  0  0  # C/C
 1081  1   0.000000   12.424563889    -4.413173132     7.027241867   0  0  0  # C/C
 1082  1   0.000000   13.263045062    -3.500594091     7.541479465   0  0  0  # C/C
 1083  1   0.000000   12.747982981    -2.287733851     7.816444102   0  0  0  # C/C
 1084  1   0.000000   14.728856430    -3.815481544     7.804147043   0  0  0  # C/C
 1085  1   0.000000   -14.766732696   -5.224691380     7.461323156   1  0  0  # C/C
 1086  1   0.000000   10.376112322    -5.382893320     6.190673500   0  0  0  # C/C
 1087  1   0.000000    8.888512505    -5.364449895     5.824011972   0  0  0  # C/C
 1088  1   0.000000   10.961149908    -0.598797374     7.930982093   0  0  0  # C/C
 1089  3   0.000000   13.515275282    -1.400656124     8.304227826   0  0  0  # N/N
 1090  3   0.000000    9.424438343    -2.665958925     6.857171054   0  0  0  # N/N
 1091  2   0.000000   12.815206164    -5.414704503     6.791581571   0  0  0  # H/H
 1092  2   0.000000   -14.652009414   -3.090339826     7.221518588   1  0  0  # H/H
 1093  2   0.000000   14.929723024    -3.645996149     8.890182481   0  0  0  # H/H
 1094  2   0.000000   -13.682260351   -5.321907277     7.700875955   1  0  0  # H/H
 1095  2   0.000000   14.703650018    -6.007722756     8.050907013   0  0  0  # H/H
 1096  2   0.000000   -14.876350988   -5.449850089     6.375723154   1  0  0  # H/H
 1097  2   0.000000   10.922021671    -5.673585096     5.258238042   0  0  0  # H/H
 1098  2   0.000000   10.506687411    -6.225548388     6.915107985   0  0  0  # H/H
 1099  2   0.000000    8.577418297    -6.354658791     5.416159921   0  0  0  # H/H
 1100  2   0.000000    8.242348331    -5.185762873     6.713608952   0  0  0  # H/H
 1101  2   0.000000    8.666036870    -4.622761585     5.023181914   0  0  0  # H/H
 1102  2   0.000000    9.894055485    -0.376888430     7.737106115   0  0  0  # H/H
 1103  2   0.000000   11.106667094    -0.397388786     9.017130881   0  0  0  # H/H
 1104  2   0.000000   11.526676875     0.160307013     7.343299280   0  0  0  # H/H
 1105  2   0.000000   13.173206811    -0.438715616     8.538988621   0  0  0  # H/H
 1106  2   0.000000   14.527469105    -1.594561225     8.493448794   0  0  0  # H/H
 1107  2   0.000000    8.735155783    -3.337033755     6.460791974   0  0  0  # H/H
 1108  2   0.000000    9.009552573    -1.730032423     7.064898861   0  0  0  # H/H
 1109  1   0.000000    6.185250013    -10.529489123   -11.975381373  0  0  0  # C/C
 1110  1   0.000000    7.421196518    -10.097058580   -11.632255300  0  0  0  # C/C
 1111  1   0.000000    8.282360858    -10.909472112   -10.981537717  0  0  0  # C/C
 1112  1   0.000000    7.858497614    -12.155246235   -10.693461400  0  0  0  # C/C
 1113  1   0.000000    6.644258194    -12.628575740   -11.012637371  0  0  0  # C/C
 1114  1   0.000000    5.815010639    -11.789169927   -11.660457434  0  0  0  # C/C
 1115  1   0.000000    6.218182167    -14.047054929   -10.661742315  0  0  0  # C/C
 1116  1   0.000000    7.226945596    -14.937698406   -9.922160372   0  0  0  # C/C
 1117  1   0.000000    9.706056381    -10.609160287   -10.513176782  0  0  0  # C/C
 1118  1   0.000000   10.405912143    -9.262850075    -10.726213810  0  0  0  # C/C
 1119  1   0.000000    5.175252136    -9.656248076    -12.709147685  0  0  0  # C/C
 1120  3   0.000000    4.657699359    -12.206187078   -11.977166491  0  0  0  # N/N
 1121  3   0.000000    7.751142793    -8.910907674    -11.936512930  0  0  0  # N/N
 1122  2   0.000000    8.559950021    -12.817179054   -10.163356020  0  0  0  # H/H
 1123  2   0.000000    5.301251195    -13.985321549   -10.026100818  0  0  0  # H/H
 1124  2   0.000000    5.945721650    -14.570929191   -11.610355347  0  0  0  # H/H
 1125  2   0.000000    6.791144004    14.054848601    -9.727141967   0  -1 0  # H/H
 1126  2   0.000000    8.152095025    14.900450112    -10.521446916  0  -1 0  # H/H
 1127  2   0.000000    7.505020507    -14.511711738   -8.930974374   0  0  0  # H/H
 1128  2   0.000000    9.726442554    -10.798526078   -9.410598163   0  0  0  # H/H
 1129  2   0.000000   10.366574951    -11.380080319   -10.983623658  0  0  0  # H/H
 1130  2   0.000000   11.435176877    -9.288843524    -10.297757270  0  0  0  # H/H
 1131  2   0.000000   10.532771231    -9.025699983    -11.807188642  0  0  0  # H/H
 1132  2   0.000000    9.879825502    -8.432383876    -10.202301146  0  0  0  # H/H
 1133  2   0.000000    5.491942794    -8.625789996    -12.960911765  0  0  0  # H/H
 1134  2   0.000000    4.901001056    -10.121717915   -13.683613710  0  0  0  # H/H
 1135  2   0.000000    4.254042166    -9.534512772    -12.094343638  0  0  0  # H/H
 1136  2   0.000000    3.968020770    -11.600324081   -12.481870843  0  0  0  # H/H
 1137  2   0.000000    4.342575191    -13.178414574   -11.746059255  0  0  0  # H/H
 1138  2   0.000000    8.679048343    -8.497322486    -11.711775674  0  0  0  # H/H
 1139  2   0.000000    7.119631752    -8.247423338    -12.438729816  0  0  0  # H/H
 1140  1   0.000000   -13.454316559    7.677229277    -10.741508412  0  0  0  # C/C
 1141  1   0.000000   -14.437227207    8.092403796    -11.574462323  0  0  0  # C/C
 1142  1   0.000000   -14.379180472    9.307891585    -12.161210269  0  0  0  # C/C
 1143  1   0.000000   -13.310072239   10.078299056    -11.881780324  0  0  0  # C/C
 1144  1   0.000000   -12.312076779    9.710745587    -11.063733260  0  0  0  # C/C
 1145  1   0.000000   -12.406014852    8.492729159    -10.498458037  0  0  0  # C/C
 1146  1   0.000000   -11.126474888   10.623304920    -10.783849445  0  0  0  # C/C
 1147  1   0.000000   -11.099130942   11.996290750    -11.470867007  0  0  0  # C/C
 1148  1   0.000000   14.620545655     9.950638702    -13.121827999  -1 0  0  # C/C
 1149  1   0.000000   13.329346580     9.269548946    -13.587290934  -1 0  0  # C/C
 1150  1   0.000000   -13.469311215    6.317853025    -10.053809346  0  0  0  # C/C
 1151  3   0.000000   -11.477616912    8.114120853    -9.718515509   0  0  0  # N/N
 1152  3   0.000000   14.586206622     7.312705829    -11.790751049  -1 0  0  # N/N
 1153  2   0.000000   -13.262664224   11.068519828    -12.359710814  0  0  0  # H/H
 1154  2   0.000000   -11.080747187   10.802481922    -9.681843043   0  0  0  # H/H
 1155  2   0.000000   -10.195726897   10.083024609    -11.084433914  0  0  0  # H/H
 1156  2   0.000000   -10.182239536   12.560928193    -11.182056607  0  0  0  # H/H
 1157  2   0.000000   -11.081034407   11.902409849    -12.580867287  0  0  0  # H/H
 1158  2   0.000000   -11.969443250   12.624704779    -11.172718931  0  0  0  # H/H
 1159  2   0.000000   14.310138445    10.920530919    -12.658242989  -1 0  0  # H/H
 1160  2   0.000000   -14.811124668   10.206296983    -14.051108883  0  0  0  # H/H
 1161  2   0.000000   12.768358807     9.936399972    -14.283163758  -1 0  0  # H/H
 1162  2   0.000000   13.533720103     8.336099378    -14.159779665  -1 0  0  # H/H
 1163  2   0.000000   12.637138678     9.064857092    -12.738836336  -1 0  0  # H/H
 1164  2   0.000000   -14.334716477    5.659592611    -10.261869290  0  0  0  # H/H
 1165  2   0.000000   -12.575047088    5.725117247    -10.354501594  0  0  0  # H/H
 1166  2   0.000000   -13.462482733    6.446852988    -8.947127960   0  0  0  # H/H
 1167  2   0.000000   -11.494191673    7.177821663    -9.248917686   0  0  0  # H/H
 1168  2   0.000000   -10.652029317    8.725114678    -9.511074513   0  0  0  # H/H
 1169  2   0.000000   13.788949855     7.550445633    -12.415594775  -1 0  0  # H/H
 1170  2   0.000000   14.498464778     6.365040170    -11.360088038  -1 0  0  # H/H
