HEADER,  dgeba.mol  read w/ mol2lmp > atom_typing v1.7 / 4 November 2023 w/PCFF-IFF atom-types > all2lmp: v1.14 / 18 December 2023  Class: r > cell_builder version: v1.3 / 11 December 2023

1170 atoms

4 atom types

-40.0000000000   40.0000000000   xlo  xhi  
-40.0000000000   40.0000000000   ylo  yhi  
-40.0000000000   40.0000000000   zlo  zhi  

Masses

 1   12.00000  # C
 2   1.00800   # H
 3   14.00000  # N
 4   15.99900  # O

Atoms # charge

  1    1   0.000000   -16.751459544   -0.438328453    -33.358252449  0  0  0  # C/C
  2    1   0.000000   -15.543075636    0.167763748    -33.289288577  0  0  0  # C/C
  3    1   0.000000   -15.000128410    0.494357837    -32.096142421  0  0  0  # C/C
  4    1   0.000000   -15.709212634    0.192289858    -30.991354804  0  0  0  # C/C
  5    1   0.000000   -16.909393242   -0.407324896    -31.009247367  0  0  0  # C/C
  6    1   0.000000   -17.416864864   -0.717010458    -32.216927732  0  0  0  # C/C
  7    1   0.000000   -17.666779422   -0.725356309    -29.727852219  0  0  0  # C/C
  8    1   0.000000   -17.014371065   -0.337645389    -28.392983504  0  0  0  # C/C
  9    1   0.000000   -13.661290275    1.175520643    -31.813321309  0  0  0  # C/C
  10   1   0.000000   -12.681280094    1.613170126    -32.906837210  0  0  0  # C/C
  11   1   0.000000   -17.409609312   -0.828206168    -34.675785329  0  0  0  # C/C
  12   3   0.000000   -18.551637414   -1.285477710    -32.269019697  0  0  0  # N/N
  13   3   0.000000   -14.932999531    0.421476055    -34.371798823  0  0  0  # N/N
  14   2   0.000000   -15.267011626    0.458297341    -30.019294858  0  0  0  # H/H
  15   2   0.000000   -18.657487411   -0.210690132    -29.775074403  0  0  0  # H/H
  16   2   0.000000   -17.851331978   -1.827031662    -29.699613401  0  0  0  # H/H
  17   2   0.000000   -17.669999298   -0.624831177    -27.538236358  0  0  0  # H/H
  18   2   0.000000   -16.042517331   -0.860738581    -28.240945470  0  0  0  # H/H
  19   2   0.000000   -16.851921992    0.761911464    -28.316661775  0  0  0  # H/H
  20   2   0.000000   -13.889653093    2.093479106    -31.215694928  0  0  0  # H/H
  21   2   0.000000   -13.089009850    0.488574547    -31.140623073  0  0  0  # H/H
  22   2   0.000000   -11.778632443    2.084726945    -32.452416762  0  0  0  # H/H
  23   2   0.000000   -12.306015098    0.748448532    -33.500362884  0  0  0  # H/H
  24   2   0.000000   -13.122732238    2.385867585    -33.576900179  0  0  0  # H/H
  25   2   0.000000   -16.853114075   -0.593666398    -35.603592490  0  0  0  # H/H
  26   2   0.000000   -17.579388458   -1.928880737    -34.709702804  0  0  0  # H/H
  27   2   0.000000   -18.388577682   -0.307571329    -34.785291511  0  0  0  # H/H
  28   2   0.000000   -18.998465095   -1.550987002    -33.178581597  0  0  0  # H/H
  29   2   0.000000   -19.091157963   -1.514086142    -31.400344923  0  0  0  # H/H
  30   2   0.000000   -14.001910556    0.884151478    -34.411460171  0  0  0  # H/H
  31   2   0.000000   -15.312972371    0.187797280    -35.316390974  0  0  0  # H/H
  32   4   0.000000    4.605778979    10.050900735    17.201263353   0  0  0  # O/O
  33   1   0.000000    5.263572377    11.140107118    16.334024514   0  0  0  # C/C
  34   1   0.000000    4.806011784    11.525126384    17.597586831   0  0  0  # C/C
  35   1   0.000000    3.440711420    12.191453273    17.730674028   0  0  0  # C/C
  36   4   0.000000    3.616873920    13.583159112    17.899027353   0  0  0  # O/O
  37   1   0.000000    2.511733719    14.385452405    18.052877897   0  0  0  # C/C
  38   1   0.000000    2.690356184    15.716701291    18.158323707   0  0  0  # C/C
  39   1   0.000000    1.669927030    16.574442918    18.306699689   0  0  0  # C/C
  40   1   0.000000    0.403268757    16.131201085    18.356988832   0  0  0  # C/C
  41   1   0.000000    0.203781196    14.807541493    18.246415606   0  0  0  # C/C
  42   1   0.000000    1.233404408    13.958976475    18.097943884   0  0  0  # C/C
  43   1   0.000000   -0.755613736    17.089396031    18.514900209   0  0  0  # C/C
  44   1   0.000000   -1.220337380    17.549276122    17.151556362   0  0  0  # C/C
  45   1   0.000000   -0.708219362    18.648898986    16.575630809   0  0  0  # C/C
  46   1   0.000000   -1.122625141    19.042804582    15.362310488   0  0  0  # C/C
  47   1   0.000000   -2.057007311    18.372727181    14.660081347   0  0  0  # C/C
  48   1   0.000000   -2.557525100    17.269345313    15.251865165   0  0  0  # C/C
  49   1   0.000000   -2.150788321    16.865213741    16.465822547   0  0  0  # C/C
  50   4   0.000000   -2.419431323    18.850452979    13.423453307   0  0  0  # O/O
  51   1   0.000000   -3.399609801    18.158975923    12.676935986   0  0  0  # C/C
  52   1   0.000000   -3.595580336    18.858637219    11.336046091   0  0  0  # C/C
  53   1   0.000000   -4.711076677    19.679086029    11.144492542   0  0  0  # C/C
  54   4   0.000000   -4.807118366    18.234613888    10.619751658   0  0  0  # O/O
  55   2   0.000000    6.311136616    10.876034286    16.193877039   0  0  0  # H/H
  56   2   0.000000    4.651489842    11.282974216    15.445089678   0  0  0  # H/H
  57   2   0.000000    5.498825649    11.606815973    18.441266872   0  0  0  # H/H
  58   2   0.000000    2.815909187    12.013719803    16.825428000   0  0  0  # H/H
  59   2   0.000000    2.938047178    11.769696214    18.631938691   0  0  0  # H/H
  60   2   0.000000    3.717529072    16.118878566    18.119778189   0  0  0  # H/H
  61   2   0.000000    1.878076013    17.654371785    18.384811034   0  0  0  # H/H
  62   2   0.000000   -0.823810240    14.407950975    18.274824385   0  0  0  # H/H
  63   2   0.000000    0.987385825    12.888689111    18.013054274   0  0  0  # H/H
  64   2   0.000000   -1.592074717    16.605349509    19.069262638   0  0  0  # H/H
  65   2   0.000000   -0.458027940    17.960751055    19.142173933   0  0  0  # H/H
  66   2   0.000000    0.063075741    19.236504631    17.100578626   0  0  0  # H/H
  67   2   0.000000   -0.678470699    19.951991581    14.921371577   0  0  0  # H/H
  68   2   0.000000   -3.323667147    16.654386579    14.753958326   0  0  0  # H/H
  69   2   0.000000   -2.588769460    15.952955698    16.904734388   0  0  0  # H/H
  70   2   0.000000   -3.047570845    17.120553853    12.475380859   0  0  0  # H/H
  71   2   0.000000   -4.347977872    18.135172388    13.261167561   0  0  0  # H/H
  72   2   0.000000   -2.736505043    18.917494395    10.660114286   0  0  0  # H/H
  73   2   0.000000   -4.747584792    20.353845410    10.290041288   0  0  0  # H/H
  74   2   0.000000   -5.457503289    19.807373691    11.926476148   0  0  0  # H/H
  75   4   0.000000   12.788955957    -35.553957436   10.074917857   0  0  0  # O/O
  76   1   0.000000   11.905682741    -35.593825288   11.335633875   0  0  0  # C/C
  77   1   0.000000   12.280002528    -34.332796815   10.862470957   0  0  0  # C/C
  78   1   0.000000   13.471387092    -33.618212590   11.491534562   0  0  0  # C/C
  79   4   0.000000   13.001834746    -32.618528672   12.372655364   0  0  0  # O/O
  80   1   0.000000   13.910105922    -31.835954386   13.044444273   0  0  0  # C/C
  81   1   0.000000   13.450629388    -30.922905729   13.922209540   0  0  0  # C/C
  82   1   0.000000   14.264217659    -30.120198597   14.624169066   0  0  0  # C/C
  83   1   0.000000   15.596869510    -30.196335990   14.477003704   0  0  0  # C/C
  84   1   0.000000   16.075052878    -31.105524881   13.611664079   0  0  0  # C/C
  85   1   0.000000   15.250513986    -31.903636322   12.914968920   0  0  0  # C/C
  86   1   0.000000   16.524181729    -29.302954270   15.269495560   0  0  0  # C/C
  87   1   0.000000   16.868366870    -29.969604438   16.582232529   0  0  0  # C/C
  88   1   0.000000   16.127463879    -29.763788299   17.683063136   0  0  0  # C/C
  89   1   0.000000   16.437876455    -30.366872722   18.840203223   0  0  0  # C/C
  90   1   0.000000   17.488693864    -31.200532237   18.966671068   0  0  0  # C/C
  91   1   0.000000   18.219201938    -31.398408644   17.850704863   0  0  0  # C/C
  92   1   0.000000   17.918480232    -30.800395461   16.686919510   0  0  0  # C/C
  93   4   0.000000   17.730152704    -31.774184997   20.192004553   0  0  0  # O/O
  94   1   0.000000   18.829936933    -32.648758173   20.339567728   0  0  0  # C/C
  95   1   0.000000   18.860336866    -33.180408757   21.768672200   0  0  0  # C/C
  96   1   0.000000   19.772055106    -32.644666670   22.682954085   0  0  0  # C/C
  97   4   0.000000   20.171832955    -33.957414285   21.984421237   0  0  0  # O/O
  98   2   0.000000   10.938174933    -36.011437138   11.059417301   0  0  0  # H/H
  99   2   0.000000   12.465661949    -36.087780262   12.127904631   0  0  0  # H/H
 100   2   0.000000   11.592594024    -33.739127361   10.251335639   0  0  0  # H/H
 101   2   0.000000   14.112503816    -34.329324698   12.061382178   0  0  0  # H/H
 102   2   0.000000   14.060099997    -33.143634613   10.672375720   0  0  0  # H/H
 103   2   0.000000   12.360780483    -30.831938991   14.071443839   0  0  0  # H/H
 104   2   0.000000   13.829653719    -29.393681169   15.330568633   0  0  0  # H/H
 105   2   0.000000   17.164673827    -31.202396362   13.471072816   0  0  0  # H/H
 106   2   0.000000   15.719938089    -32.623909380   12.226423959   0  0  0  # H/H
 107   2   0.000000   17.449488941    -29.084344788   14.688718349   0  0  0  # H/H
 108   2   0.000000   16.051461028    -28.309694253   15.446297390   0  0  0  # H/H
 109   2   0.000000   15.252212616    -29.094588848   17.640004316   0  0  0  # H/H
 110   2   0.000000   15.805325387    -30.172984559   19.723723351   0  0  0  # H/H
 111   2   0.000000   19.095511061    -32.065583857   17.855024253   0  0  0  # H/H
 112   2   0.000000   18.545645444    -30.998624795   15.801450850   0  0  0  # H/H
 113   2   0.000000   18.707497248    -33.517342040   19.651492964   0  0  0  # H/H
 114   2   0.000000   19.765943819    -32.095908762   20.095551793   0  0  0  # H/H
 115   2   0.000000   18.003274342    -33.767576977   22.113687624   0  0  0  # H/H
 116   2   0.000000   19.655964173    -32.847903212   23.746879747   0  0  0  # H/H
 117   2   0.000000   20.479763165    -31.872352276   22.386662759   0  0  0  # H/H
 118   1   0.000000   -30.884165280   -32.777358841   32.867351776   0  0  0  # C/C
 119   1   0.000000   -32.222700910   -32.947093321   32.976016461   0  0  0  # C/C
 120   1   0.000000   -33.074553365   -32.243280596   32.198811093   0  0  0  # C/C
 121   1   0.000000   -32.535932326   -31.374881782   31.321102681   0  0  0  # C/C
 122   1   0.000000   -31.217387677   -31.172333187   31.177208400   0  0  0  # C/C
 123   1   0.000000   -30.401210364   -31.892310714   31.969301459   0  0  0  # C/C
 124   1   0.000000   -30.663858892   -30.176821873   30.167597366   0  0  0  # C/C
 125   1   0.000000   -31.666101641   -29.397516131   29.303871170   0  0  0  # C/C
 126   1   0.000000   -34.602072425   -32.292789064   32.172495078   0  0  0  # C/C
 127   1   0.000000   -35.439843876   -33.202122868   33.077473022   0  0  0  # C/C
 128   1   0.000000   -29.879315628   -33.544068784   33.717934918   0  0  0  # C/C
 129   3   0.000000   -29.146998208   -31.724343986   31.858322292   0  0  0  # N/N
 130   3   0.000000   -32.657667925   -33.782839001   33.824971156   0  0  0  # N/N
 131   2   0.000000   -33.229786061   -30.801458336   30.687892767   0  0  0  # H/H
 132   2   0.000000   -30.050183735   -29.426174417   30.723065393   0  0  0  # H/H
 133   2   0.000000   -29.986158598   -30.729974020   29.472406260   0  0  0  # H/H
 134   2   0.000000   -31.132103983   -28.706575569   28.610787927   0  0  0  # H/H
 135   2   0.000000   -32.279844615   -30.076780618   28.668921527   0  0  0  # H/H
 136   2   0.000000   -32.344039013   -28.767818017   29.924452499   0  0  0  # H/H
 137   2   0.000000   -34.959020878   -31.249870161   32.364491360   0  0  0  # H/H
 138   2   0.000000   -34.895641466   -32.544442816   31.122537771   0  0  0  # H/H
 139   2   0.000000   -36.526532563   -33.058469948   32.872270449   0  0  0  # H/H
 140   2   0.000000   -35.235051799   -34.280669303   32.888693330   0  0  0  # H/H
 141   2   0.000000   -35.299851790   -32.959903657   34.155739134   0  0  0  # H/H
 142   2   0.000000   -30.289085442   -34.266193378   34.450155342   0  0  0  # H/H
 143   2   0.000000   -29.202752674   -34.143658691   33.066617505   0  0  0  # H/H
 144   2   0.000000   -29.266517803   -32.835519314   34.321149461   0  0  0  # H/H
 145   2   0.000000   -28.461490363   -32.255056651   32.446434588   0  0  0  # H/H
 146   2   0.000000   -28.743187168   -31.044811569   31.170490599   0  0  0  # H/H
 147   2   0.000000   -33.669045172   -33.975913517   33.974659314   0  0  0  # H/H
 148   2   0.000000   -32.037898358   -34.348949868   34.446777902   0  0  0  # H/H
 149   4   0.000000    4.669413738     5.853313231    30.591697735   0  0  0  # O/O
 150   1   0.000000    5.216293171     4.519429769    30.050547389   0  0  0  # C/C
 151   1   0.000000    3.957745862     4.921493778    29.593825959   0  0  0  # C/C
 152   1   0.000000    2.704094123     4.355893016    30.252765944   0  0  0  # C/C
 153   4   0.000000    2.154339294     3.353422491    29.422679392   0  0  0  # O/O
 154   1   0.000000    1.004648732     2.711992876    29.816962337   0  0  0  # C/C
 155   1   0.000000    0.520726769     1.720986655    29.043027842   0  0  0  # C/C
 156   1   0.000000   -0.591840704     1.038661736    29.352281966   0  0  0  # C/C
 157   1   0.000000   -1.281955188     1.321980065    30.468923459   0  0  0  # C/C
 158   1   0.000000   -0.811605955     2.302185272    31.257634934   0  0  0  # C/C
 159   1   0.000000    0.303405144     2.977833146    30.937509021   0  0  0  # C/C
 160   1   0.000000   -2.532354169     0.553580164    30.832442611   0  0  0  # C/C
 161   1   0.000000   -2.158958536    -0.659455661    31.654199265   0  0  0  # C/C
 162   1   0.000000   -1.897284500    -1.841034989    31.072372365   0  0  0  # C/C
 163   1   0.000000   -1.559343636    -2.908326127    31.811104771   0  0  0  # C/C
 164   1   0.000000   -1.461450031    -2.861622807    33.154025160   0  0  0  # C/C
 165   1   0.000000   -1.724016364    -1.666710482    33.720965321   0  0  0  # C/C
 166   1   0.000000   -2.063315707    -0.591457522    32.992160349   0  0  0  # C/C
 167   4   0.000000   -1.108081859    -4.005753441    33.828501281   0  0  0  # O/O
 168   1   0.000000   -1.003725720    -3.971779700    35.237094218   0  0  0  # C/C
 169   1   0.000000   -0.563485364    -5.342221151    35.741073132   0  0  0  # C/C
 170   1   0.000000   -1.508152690    -6.203440469    36.306816915   0  0  0  # C/C
 171   4   0.000000   -0.658168132    -5.363090400    37.277597417   0  0  0  # O/O
 172   2   0.000000    6.102993741     4.732631954    29.454666917   0  0  0  # H/H
 173   2   0.000000    5.318774312     3.829538043    30.886494877   0  0  0  # H/H
 174   2   0.000000    3.847045335     5.410989560    28.620892496   0  0  0  # H/H
 175   2   0.000000    2.937357675     3.912475961    31.247957796   0  0  0  # H/H
 176   2   0.000000    1.969840329     5.187043666    30.366292648   0  0  0  # H/H
 177   2   0.000000    1.061769573     1.458277600    28.117515499   0  0  0  # H/H
 178   2   0.000000   -0.937932647     0.235438492    28.680920271   0  0  0  # H/H
 179   2   0.000000   -1.347532886     2.556787381    32.187357414   0  0  0  # H/H
 180   2   0.000000    0.624919797     3.766263635    31.636259422   0  0  0  # H/H
 181   2   0.000000   -3.241861856     1.202543174    31.395231704   0  0  0  # H/H
 182   2   0.000000   -3.084020641     0.249819506    29.913376358   0  0  0  # H/H
 183   2   0.000000   -1.957232926    -1.939622939    29.975817148   0  0  0  # H/H
 184   2   0.000000   -1.351665719    -3.862750719    31.297037780   0  0  0  # H/H
 185   2   0.000000   -1.666831251    -1.529766509    34.812310964   0  0  0  # H/H
 186   2   0.000000   -2.264397414     0.364727728    33.503982325   0  0  0  # H/H
 187   2   0.000000   -0.226120599    -3.229804104    35.533200250   0  0  0  # H/H
 188   2   0.000000   -1.991018430    -3.683306219    35.665266258   0  0  0  # H/H
 189   2   0.000000    0.408948248    -5.720262350    35.409688081   0  0  0  # H/H
 190   2   0.000000   -1.261261566    -7.253221045    36.460847838   0  0  0  # H/H
 191   2   0.000000   -2.548701352    -5.903682264    36.418675174   0  0  0  # H/H
 192   4   0.000000   38.035405709    27.593035632    -17.483428022  0  0  0  # O/O
 193   1   0.000000   36.733083695    27.030294445    -18.082131313  0  0  0  # C/C
 194   1   0.000000   37.103580465    28.321483733    -18.469111449  0  0  0  # C/C
 195   1   0.000000   36.481857271    29.523411119    -17.765847886  0  0  0  # C/C
 196   4   0.000000   35.480965345    30.079921377    -18.593333774  0  0  0  # O/O
 197   1   0.000000   34.792967111    31.188304810    -18.161102382  0  0  0  # C/C
 198   1   0.000000   33.804426991    31.676769872    -18.935336658  0  0  0  # C/C
 199   1   0.000000   33.078739571    32.750854255    -18.590761130  0  0  0  # C/C
 200   1   0.000000   33.313449442    33.395427460    -17.436268964  0  0  0  # C/C
 201   1   0.000000   34.290410027    32.919459557    -16.646902756  0  0  0  # C/C
 202   1   0.000000   35.009755240    31.843242474    -17.002612825  0  0  0  # C/C
 203   1   0.000000   32.495951646    34.601762656    -17.033112742  0  0  0  # C/C
 204   1   0.000000   31.277481390    34.150832641    -16.259706921  0  0  0  # C/C
 205   1   0.000000   30.118824369    33.879644035    -16.881877476  0  0  0  # C/C
 206   1   0.000000   29.046704263    33.472747975    -16.186151924  0  0  0  # C/C
 207   1   0.000000   29.065916178    33.312216680    -14.848594397  0  0  0  # C/C
 208   1   0.000000   30.238206116    33.585435418    -14.240922191  0  0  0  # C/C
 209   1   0.000000   31.318009689    33.993467150    -14.926475988  0  0  0  # C/C
 210   4   0.000000   27.918998472    32.890536800    -14.219636636  0  0  0  # O/O
 211   1   0.000000   27.924204044    32.720002236    -12.817114142  0  0  0  # C/C
 212   1   0.000000   26.557933013    32.212516323    -12.368028843  0  0  0  # C/C
 213   1   0.000000   25.653193988    33.100975590    -11.779599979  0  0  0  # C/C
 214   4   0.000000   26.498823994    32.232810788    -10.829717597  0  0  0  # O/O
 215   2   0.000000   36.989099543    26.180415282    -18.713738709  0  0  0  # H/H
 216   2   0.000000   36.028037193    26.865887981    -17.269025461  0  0  0  # H/H
 217   2   0.000000   37.611252267    28.494242693    -19.423513845  0  0  0  # H/H
 218   2   0.000000   36.023777193    29.228701138    -16.793867403  0  0  0  # H/H
 219   2   0.000000   37.285422498    30.277603965    -17.597608694  0  0  0  # H/H
 220   2   0.000000   33.581003975    31.172529782    -19.891443634  0  0  0  # H/H
 221   2   0.000000   32.280050488    33.102815283    -19.264476889  0  0  0  # H/H
 222   2   0.000000   34.505805859    33.418131313    -15.687030413  0  0  0  # H/H
 223   2   0.000000   35.792223555    31.514033385    -16.300750202  0  0  0  # H/H
 224   2   0.000000   33.108027386    35.303912229    -16.421855860  0  0  0  # H/H
 225   2   0.000000   32.195174186    35.186796649    -17.932310916  0  0  0  # H/H
 226   2   0.000000   30.043395267    33.988837949    -17.976470496  0  0  0  # H/H
 227   2   0.000000   28.111680911    33.259489596    -16.732570706  0  0  0  # H/H
 228   2   0.000000   30.351987734    33.480476849    -13.150465157  0  0  0  # H/H
 229   2   0.000000   32.255062044    34.200304078    -14.382566814  0  0  0  # H/H
 230   2   0.000000   28.684563466    31.953250369    -12.539947379  0  0  0  # H/H
 231   2   0.000000   28.169959448    33.694387041    -12.335997031  0  0  0  # H/H
 232   2   0.000000   26.219978032    31.245466414    -12.753981216  0  0  0  # H/H
 233   2   0.000000   24.608919592    32.813531932    -11.663036097  0  0  0  # H/H
 234   2   0.000000   25.915691332    34.144033047    -11.611567081  0  0  0  # H/H
 235   1   0.000000   -15.593225152   -1.409332233    -16.670812845  0  0  0  # C/C
 236   1   0.000000   -16.003279571   -1.236915973    -15.392367130  0  0  0  # C/C
 237   1   0.000000   -16.321617610   -0.008996822    -14.927685959  0  0  0  # C/C
 238   1   0.000000   -16.213059910    1.023566717    -15.785956862  0  0  0  # C/C
 239   1   0.000000   -15.811627960    0.902414191    -17.060502250  0  0  0  # C/C
 240   1   0.000000   -15.503497157   -0.336856934    -17.486162849  0  0  0  # C/C
 241   1   0.000000   -15.707454546    2.105620998    -17.986889108  0  0  0  # C/C
 242   1   0.000000   -16.078648365    3.483247110    -17.419269206  0  0  0  # C/C
 243   1   0.000000   -16.799757005    0.386365344    -13.530714385  0  0  0  # C/C
 244   1   0.000000   -16.999847059   -0.611711448    -12.385489195  0  0  0  # C/C
 245   1   0.000000   -15.222200623   -2.770313778    -17.246250656  0  0  0  # C/C
 246   3   0.000000   -15.119804588   -0.486205173    -18.687850182  0  0  0  # N/N
 247   3   0.000000   -16.081462148   -2.255959843    -14.641482121  0  0  0  # N/N
 248   2   0.000000   -16.472364393    2.023944281    -15.407528317  0  0  0  # H/H
 249   2   0.000000   -14.653526764    2.170159460    -18.352518083  0  0  0  # H/H
 250   2   0.000000   -16.367957792    1.921041501    -18.869052093  0  0  0  # H/H
 251   2   0.000000   -15.959107517    4.272875050    -18.197160227  0  0  0  # H/H
 252   2   0.000000   -17.141179289    3.520081930    -17.086233229  0  0  0  # H/H
 253   2   0.000000   -15.419992043    3.770211769    -16.567762826  0  0  0  # H/H
 254   2   0.000000   -16.078997896    1.153566946    -13.151422124  0  0  0  # H/H
 255   2   0.000000   -17.781451412    0.906351650    -13.664180016  0  0  0  # H/H
 256   2   0.000000   -17.352641080   -0.084073029    -11.468553735  0  0  0  # H/H
 257   2   0.000000   -17.784354123   -1.366130344    -12.622640573  0  0  0  # H/H
 258   2   0.000000   -16.047518912   -1.113853780    -12.099394945  0  0  0  # H/H
 259   2   0.000000   -15.300165430   -3.640766069    -16.566724146  0  0  0  # H/H
 260   2   0.000000   -15.882912982   -3.015824428    -18.109177976  0  0  0  # H/H
 261   2   0.000000   -14.162845841   -2.765832533    -17.591473300  0  0  0  # H/H
 262   2   0.000000   -14.866251291   -1.425134937    -19.077176053  0  0  0  # H/H
 263   2   0.000000   -15.040506298    0.327217061    -19.343591099  0  0  0  # H/H
 264   2   0.000000   -16.386711454   -2.214973580    -13.647645496  0  0  0  # H/H
 265   2   0.000000   -15.846033791   -3.223783104    -14.956333014  0  0  0  # H/H
 266   4   0.000000   12.231795865    20.883077330    -4.472606522   0  0  0  # O/O
 267   1   0.000000   12.236212216    21.319239654    -2.995816481   0  0  0  # C/C
 268   1   0.000000   13.479865024    21.130556678    -3.605667027   0  0  0  # C/C
 269   1   0.000000   14.217964126    19.810054472    -3.412709905   0  0  0  # C/C
 270   4   0.000000   15.248106124    19.987664194    -2.462192435   0  0  0  # O/O
 271   1   0.000000   16.055357677    18.922840021    -2.140985665   0  0  0  # C/C
 272   1   0.000000   16.998811535    19.090878846    -1.193934361   0  0  0  # C/C
 273   1   0.000000   17.827156807    18.106481440    -0.814701389   0  0  0  # C/C
 274   1   0.000000   17.747328073    16.888878181    -1.375491169   0  0  0  # C/C
 275   1   0.000000   16.808199489    16.699202982    -2.316850431   0  0  0  # C/C
 276   1   0.000000   15.984623327    17.692366411    -2.687767009   0  0  0  # C/C
 277   1   0.000000   18.669673006    15.769023312    -0.949712956   0  0  0  # C/C
 278   1   0.000000   18.051003824    15.017101899     0.207018146   0  0  0  # C/C
 279   1   0.000000   18.295367761    15.372187487     1.478759488   0  0  0  # C/C
 280   1   0.000000   17.734595330    14.702538351     2.496671215   0  0  0  # C/C
 281   1   0.000000   16.907235391    13.655665337     2.310306103   0  0  0  # C/C
 282   1   0.000000   16.670250359    13.315345134     1.027263647   0  0  0  # C/C
 283   1   0.000000   17.225727378    13.977855534     0.000143931   0  0  0  # C/C
 284   4   0.000000   16.378245038    13.030080870     3.413771231   0  0  0  # O/O
 285   1   0.000000   15.510812358    11.929566843     3.233194649   0  0  0  # C/C
 286   1   0.000000   15.030871397    11.439833453     4.595447919   0  0  0  # C/C
 287   1   0.000000   15.600164116    10.291571222     5.153624189   0  0  0  # C/C
 288   4   0.000000   14.263637971    10.118153371     4.408841750   0  0  0  # O/O
 289   2   0.000000   11.807826933    22.319058087    -2.935685301   0  0  0  # H/H
 290   2   0.000000   11.771682678    20.530331415    -2.406666858   0  0  0  # H/H
 291   2   0.000000   14.050402931    21.983948237    -3.986021590   0  0  0  # H/H
 292   2   0.000000   13.528522762    19.012202847    -3.052792165   0  0  0  # H/H
 293   2   0.000000   14.663495486    19.518243099    -4.392085359   0  0  0  # H/H
 294   2   0.000000   17.093815914    20.077819605    -0.708920376   0  0  0  # H/H
 295   2   0.000000   18.578073655    18.303035708    -0.031653467   0  0  0  # H/H
 296   2   0.000000   16.707604361    15.709657116    -2.793404100   0  0  0  # H/H
 297   2   0.000000   15.240628548    17.457165742    -3.465197934   0  0  0  # H/H
 298   2   0.000000   18.868353796    15.079124301    -1.801681858   0  0  0  # H/H
 299   2   0.000000   19.668093662    16.173430590    -0.665283427   0  0  0  # H/H
 300   2   0.000000   18.961573369    16.224042006     1.693842510   0  0  0  # H/H
 301   2   0.000000   17.959359229    15.023825069     3.528454780   0  0  0  # H/H
 302   2   0.000000   16.004677455    12.474826741     0.775071974   0  0  0  # H/H
 303   2   0.000000   16.996548878    13.662239894    -1.031626297   0  0  0  # H/H
 304   2   0.000000   14.617933107    12.253478757     2.649478961   0  0  0  # H/H
 305   2   0.000000   16.055625467    11.126667465     2.685630585   0  0  0  # H/H
 306   2   0.000000   14.455480922    12.135355778     5.214748190   0  0  0  # H/H
 307   2   0.000000   15.435138594    10.060907894     6.205423132   0  0  0  # H/H
 308   2   0.000000   16.362158059     9.724476627     4.621761687   0  0  0  # H/H
 309   4   0.000000   -33.567549124   -6.442141779    -35.753613560  0  0  0  # O/O
 310   1   0.000000   -32.074521606   -6.070770986    -35.817788828  0  0  0  # C/C
 311   1   0.000000   -32.635545248   -6.227621887    -34.547024677  0  0  0  # C/C
 312   1   0.000000   -33.101021231   -4.997627340    -33.774888462  0  0  0  # C/C
 313   4   0.000000   -32.142781646   -4.678643390    -32.786836162  0  0  0  # O/O
 314   1   0.000000   -32.365245245   -3.604823651    -31.958524327  0  0  0  # C/C
 315   1   0.000000   -31.418994509   -3.278583389    -31.056623426  0  0  0  # C/C
 316   1   0.000000   -31.549810515   -2.244933275    -30.211954020  0  0  0  # C/C
 317   1   0.000000   -32.652052455   -1.478075370    -30.232132198  0  0  0  # C/C
 318   1   0.000000   -33.604123076   -1.782813469    -31.129234569  0  0  0  # C/C
 319   1   0.000000   -33.461483067   -2.819855111    -31.969727793  0  0  0  # C/C
 320   1   0.000000   -32.806688435   -0.304870238    -29.290984164  0  0  0  # C/C
 321   1   0.000000   -32.219678640    0.934503518    -29.927801567  0  0  0  # C/C
 322   1   0.000000   -30.932758795    1.269902260    -29.742139111  0  0  0  # C/C
 323   1   0.000000   -30.421006788    2.367551052    -30.318608523  0  0  0  # C/C
 324   1   0.000000   -31.150299536    3.183236943    -31.104730743  0  0  0  # C/C
 325   1   0.000000   -32.439141559    2.829319885    -31.283074920  0  0  0  # C/C
 326   1   0.000000   -32.962688867    1.733212566    -30.711326180  0  0  0  # C/C
 327   4   0.000000   -30.541040753    4.285914646    -31.654028137  0  0  0  # O/O
 328   1   0.000000   -31.294375043    5.151139319    -32.478680908  0  0  0  # C/C
 329   1   0.000000   -30.391139794    6.267231521    -32.992899122  0  0  0  # C/C
 330   1   0.000000   -30.463020460    7.535037467    -32.408380216  0  0  0  # C/C
 331   4   0.000000   -31.256601569    7.319256817    -33.710203746  0  0  0  # O/O
 332   2   0.000000   -31.538124427   -6.898809029    -36.279738690  0  0  0  # H/H
 333   2   0.000000   -31.987833057   -5.088154307    -36.278452195  0  0  0  # H/H
 334   2   0.000000   -32.504654762   -7.161082118    -33.990266267  0  0  0  # H/H
 335   2   0.000000   -33.227172821   -4.121369804    -34.451420720  0  0  0  # H/H
 336   2   0.000000   -34.070903304   -5.245623677    -33.284322532  0  0  0  # H/H
 337   2   0.000000   -30.497859699   -3.885013768    -31.011133667  0  0  0  # H/H
 338   2   0.000000   -30.739714775   -2.024620089    -29.497194807  0  0  0  # H/H
 339   2   0.000000   -34.519553264   -1.169805106    -31.180538742  0  0  0  # H/H
 340   2   0.000000   -34.285933162   -3.004057789    -32.676550150  0  0  0  # H/H
 341   2   0.000000   -33.879799205   -0.142917221    -29.039011535  0  0  0  # H/H
 342   2   0.000000   -32.309296745   -0.518364426    -28.317171580  0  0  0  # H/H
 343   2   0.000000   -30.285004085    0.638339813    -29.111830098  0  0  0  # H/H
 344   2   0.000000   -29.358859628    2.610802701    -30.142559286  0  0  0  # H/H
 345   2   0.000000   -33.113111753    3.432316584    -31.911738788  0  0  0  # H/H
 346   2   0.000000   -34.022171300    1.485115634    -30.891965893  0  0  0  # H/H
 347   2   0.000000   -31.676569794    4.584130448    -33.359194623  0  0  0  # H/H
 348   2   0.000000   -32.145663002    5.561606083    -31.888663122  0  0  0  # H/H
 349   2   0.000000   -29.533766052    5.985943614    -33.612694016  0  0  0  # H/H
 350   2   0.000000   -29.681244444    8.267813035    -32.604814018  0  0  0  # H/H
 351   2   0.000000   -31.171196760    7.748203313    -31.609533910  0  0  0  # H/H
 352   1   0.000000   30.703295332    31.056182285     0.171575408   0  0  0  # C/C
 353   1   0.000000   30.679452056    32.388318706    -0.067463284   0  0  0  # C/C
 354   1   0.000000   31.827511288    33.088830804    -0.195118828   0  0  0  # C/C
 355   1   0.000000   32.983421555    32.407672883    -0.074717328   0  0  0  # C/C
 356   1   0.000000   33.057558622    31.089019486     0.161816818   0  0  0  # C/C
 357   1   0.000000   31.892287909    30.426096352     0.282653664   0  0  0  # C/C
 358   1   0.000000   34.393262474    30.370282268     0.288558137   0  0  0  # C/C
 359   1   0.000000   35.674241602    31.203284398     0.136799008   0  0  0  # C/C
 360   1   0.000000   32.006904427    34.582890811    -0.463560437   0  0  0  # C/C
 361   1   0.000000   30.841469334    35.562286031    -0.637572210   0  0  0  # C/C
 362   1   0.000000   29.440040605    30.218333465     0.324072911   0  0  0  # C/C
 363   3   0.000000   31.927313523    29.176288586     0.506999567   0  0  0  # N/N
 364   3   0.000000   29.553341856    32.962779151    -0.168765973   0  0  0  # N/N
 365   2   0.000000   33.918759756    32.978228872    -0.178691185   0  0  0  # H/H
 366   2   0.000000   34.430329082    29.884430235     1.294136279   0  0  0  # H/H
 367   2   0.000000   34.427337347    29.564866551    -0.485192525   0  0  0  # H/H
 368   2   0.000000   36.576742557    30.558785317     0.250946728   0  0  0  # H/H
 369   2   0.000000   35.743098429    31.675297291    -0.870029824   0  0  0  # H/H
 370   2   0.000000   35.746149228    31.996028433     0.916302804   0  0  0  # H/H
 371   2   0.000000   32.628458583    34.985928173     0.375001383   0  0  0  # H/H
 372   2   0.000000   32.625616846    34.668787693    -1.391859639   0  0  0  # H/H
 373   2   0.000000   31.225389738    36.592723713    -0.823152025   0  0  0  # H/H
 374   2   0.000000   30.212581164    35.308696190    -1.521332270   0  0  0  # H/H
 375   2   0.000000   30.215523928    35.632382241     0.281233868   0  0  0  # H/H
 376   2   0.000000   28.472291582    30.747767669     0.230889052   0  0  0  # H/H
 377   2   0.000000   29.410979947    29.421600565    -0.454279209   0  0  0  # H/H
 378   2   0.000000   29.414129631    29.741708583     1.330844312   0  0  0  # H/H
 379   2   0.000000   31.054644878    28.606071482     0.610705409   0  0  0  # H/H
 380   2   0.000000   32.834803442    28.660428527     0.598052002   0  0  0  # H/H
 381   2   0.000000   29.442440823    33.981080748    -0.351333957   0  0  0  # H/H
 382   2   0.000000   28.640622454    32.462922491    -0.077518655   0  0  0  # H/H
 383   4   0.000000   -37.597259810   -31.323646081   -5.124572539   0  0  0  # O/O
 384   1   0.000000   -38.112436194   -31.248415004   -3.675400541   0  0  0  # C/C
 385   1   0.000000   -37.140112349   -30.317531401   -4.052538869   0  0  0  # C/C
 386   1   0.000000   -35.676359237   -30.583145131   -3.716942409   0  0  0  # C/C
 387   4   0.000000   -35.305749791   -29.800429177   -2.600597667   0  0  0  # O/O
 388   1   0.000000   -34.016765093   -29.871992824   -2.129347763   0  0  0  # C/C
 389   1   0.000000   -33.690604910   -29.162029584   -1.031704773   0  0  0  # C/C
 390   1   0.000000   -32.459080271   -29.175420309   -0.500499029   0  0  0  # C/C
 391   1   0.000000   -31.481877514   -29.912439635   -1.053032090   0  0  0  # C/C
 392   1   0.000000   -31.789048311   -30.633125009   -2.144066064   0  0  0  # C/C
 393   1   0.000000   -33.025577712   -30.611740995   -2.666338182   0  0  0  # C/C
 394   1   0.000000   -30.092303945   -29.942441308   -0.457828439   0  0  0  # C/C
 395   1   0.000000   -30.010304660   -31.040016066    0.578882696   0  0  0  # C/C
 396   1   0.000000   -30.292378732   -30.801046541    1.869794519   0  0  0  # C/C
 397   1   0.000000   -30.223826831   -31.784503386    2.779274173   0  0  0  # C/C
 398   1   0.000000   -29.877150539   -33.046809101    2.460527631   0  0  0  # C/C
 399   1   0.000000   -29.600916198   -33.269450623    1.159642151   0  0  0  # C/C
 400   1   0.000000   -29.665958358   -32.293274984    0.240240009   0  0  0  # C/C
 401   4   0.000000   -29.834197134   -33.989850391    3.459352011   0  0  0  # O/O
 402   1   0.000000   -29.470164055   -35.317077194    3.139778218   0  0  0  # C/C
 403   1   0.000000   -29.535122567   -36.172857194    4.400467344   0  0  0  # C/C
 404   1   0.000000   -28.352188983   -36.512168697    5.063563821   0  0  0  # C/C
 405   4   0.000000   -28.935564784   -37.557650779    4.095206107   0  0  0  # O/O
 406   2   0.000000   -39.166184466   -30.973464301   -3.703388041   0  0  0  # H/H
 407   2   0.000000   -37.841171416   -32.173436548   -3.169424511   0  0  0  # H/H
 408   2   0.000000   -37.422734870   -29.298298682   -4.334938277   0  0  0  # H/H
 409   2   0.000000   -35.506954815   -31.657795229   -3.476387429   0  0  0  # H/H
 410   2   0.000000   -35.061618119   -30.286341677   -4.598321679   0  0  0  # H/H
 411   2   0.000000   -34.467965971   -28.545160095   -0.548488181   0  0  0  # H/H
 412   2   0.000000   -32.252418536   -28.575569238    0.401245591   0  0  0  # H/H
 413   2   0.000000   -31.014012150   -31.257067582   -2.619921520   0  0  0  # H/H
 414   2   0.000000   -33.198270052   -31.230761554   -3.560898036   0  0  0  # H/H
 415   2   0.000000   -29.328163969   -30.099439679   -1.253270026   0  0  0  # H/H
 416   2   0.000000   -29.840977573   -28.955958669   -0.005085389   0  0  0  # H/H
 417   2   0.000000   -30.586205245   -29.787801710    2.190337236   0  0  0  # H/H
 418   2   0.000000   -30.462812528   -31.549594900    3.830951467   0  0  0  # H/H
 419   2   0.000000   -29.311260974   -34.270279473    0.802569942   0  0  0  # H/H
 420   2   0.000000   -29.434110658   -32.528121594   -0.812271052   0  0  0  # H/H
 421   2   0.000000   -30.196204040   -35.733254611    2.403206030   0  0  0  # H/H
 422   2   0.000000   -28.443685158   -35.315411738    2.706611458   0  0  0  # H/H
 423   2   0.000000   -30.503948284   -36.273944794    4.899983468   0  0  0  # H/H
 424   2   0.000000   -28.394284697   -36.922499721    6.071817961   0  0  0  # H/H
 425   2   0.000000   -27.382068502   -36.198736791    4.681810675   0  0  0  # H/H
 426   4   0.000000   18.799259727    -5.778562140    11.898734308   0  0  0  # O/O
 427   1   0.000000   17.295278713    -5.556245402    11.654230165   0  0  0  # C/C
 428   1   0.000000   18.144894054    -4.473236341    11.410434337   0  0  0  # C/C
 429   1   0.000000   18.320672158    -3.401206430    12.480762669   0  0  0  # C/C
 430   4   0.000000   17.557740236    -2.264790449    12.130455932   0  0  0  # O/O
 431   1   0.000000   17.577839496    -1.163822256    12.952735955   0  0  0  # C/C
 432   1   0.000000   16.804111474    -0.107374501    12.635700484   0  0  0  # C/C
 433   1   0.000000   16.758002695     1.006010055    13.382199379   0  0  0  # C/C
 434   1   0.000000   17.496501816     1.114218428    14.498588871   0  0  0  # C/C
 435   1   0.000000   18.269244344     0.068584577    14.835657522   0  0  0  # C/C
 436   1   0.000000   18.306659070    -1.040677954    14.080430950   0  0  0  # C/C
 437   1   0.000000   17.445863270     2.360739431    15.352815608   0  0  0  # C/C
 438   1   0.000000   16.343227240     2.225858103    16.378566564   0  0  0  # C/C
 439   1   0.000000   15.095468181     2.648992820    16.119375723   0  0  0  # C/C
 440   1   0.000000   14.123554285     2.516920700    17.034241999   0  0  0  # C/C
 441   1   0.000000   14.333867102     1.961400535    18.243525008   0  0  0  # C/C
 442   1   0.000000   15.591361095     1.538962644    18.485253733   0  0  0  # C/C
 443   1   0.000000   16.572455165     1.665807065    17.577611414   0  0  0  # C/C
 444   4   0.000000   13.277326553     1.867133709    19.117400196   0  0  0  # O/O
 445   1   0.000000   13.483992317     1.288746083    20.389774157   0  0  0  # C/C
 446   1   0.000000   12.162440463     1.263853402    21.150561342   0  0  0  # C/C
 447   1   0.000000   11.924186812     2.214609204    22.147285830   0  0  0  # C/C
 448   4   0.000000   12.431395426     0.834432566    22.604372954   0  0  0  # O/O
 449   2   0.000000   16.986351096    -6.199216817    10.830872347   0  0  0  # H/H
 450   2   0.000000   16.776527624    -5.662907126    12.605430336   0  0  0  # H/H
 451   2   0.000000   18.469731422    -4.236633581    10.392121974   0  0  0  # H/H
 452   2   0.000000   17.984350796    -3.768361191    13.477518763   0  0  0  # H/H
 453   2   0.000000   19.400278390    -3.125757963    12.518271026   0  0  0  # H/H
 454   2   0.000000   16.181552744    -0.159780903    11.725760565   0  0  0  # H/H
 455   2   0.000000   16.103000123     1.837478241    13.073482638   0  0  0  # H/H
 456   2   0.000000   18.883044361     0.118268508    15.750646509   0  0  0  # H/H
 457   2   0.000000   18.964159103    -1.854599448    14.424628478   0  0  0  # H/H
 458   2   0.000000   18.425875094     2.532854627    15.854052970   0  0  0  # H/H
 459   2   0.000000   17.282739267     3.261715003    14.718053615   0  0  0  # H/H
 460   2   0.000000   14.861649528     3.108521836    15.144743146   0  0  0  # H/H
 461   2   0.000000   13.110328138     2.876772499    16.784841221   0  0  0  # H/H
 462   2   0.000000   15.859257666     1.068905276    19.444595485   0  0  0  # H/H
 463   2   0.000000   17.583884444     1.300366658    17.822866265   0  0  0  # H/H
 464   2   0.000000   13.830305715     0.236252516    20.266483392   0  0  0  # H/H
 465   2   0.000000   14.251963315     1.883068768    20.935939180   0  0  0  # H/H
 466   2   0.000000   11.337996411     0.683872776    20.723627144   0  0  0  # H/H
 467   2   0.000000   10.915823994     2.351592598    22.536078816   0  0  0  # H/H
 468   2   0.000000   12.675839078     2.957233871    22.409271031   0  0  0  # H/H
 469   1   0.000000   -30.777020390   -16.978971511    0.384198708   0  0  0  # C/C
 470   1   0.000000   -31.289003078   -16.811296469   -0.857596060   0  0  0  # C/C
 471   1   0.000000   -32.318278388   -15.963139923   -1.072714517   0  0  0  # C/C
 472   1   0.000000   -32.805537795   -15.300022683   -0.006199175   0  0  0  # C/C
 473   1   0.000000   -32.331831243   -15.432909168    1.242093569   0  0  0  # C/C
 474   1   0.000000   -31.306114150   -16.287087405    1.415899337   0  0  0  # C/C
 475   1   0.000000   -32.921891899   -14.657152924    2.411188092   0  0  0  # C/C
 476   1   0.000000   -34.090628577   -13.703651483    2.123576396   0  0  0  # C/C
 477   1   0.000000   -33.027485877   -15.640102394   -2.387678240   0  0  0  # C/C
 478   1   0.000000   -32.652049122   -16.268345441   -3.733817894   0  0  0  # C/C
 479   1   0.000000   -29.617913778   -17.921456598    0.682950050   0  0  0  # C/C
 480   3   0.000000   -30.834118681   -16.436189348    2.585756686   0  0  0  # N/N
 481   3   0.000000   -30.779001097   -17.469580461   -1.814126972   0  0  0  # N/N
 482   2   0.000000   -33.644037894   -14.609040958   -0.181310828   0  0  0  # H/H
 483   2   0.000000   -33.274905594   -15.394886075    3.172597745   0  0  0  # H/H
 484   2   0.000000   -32.104171396   -14.050653647    2.871663353   0  0  0  # H/H
 485   2   0.000000   -34.426397792   -13.201351224    3.060523686   0  0  0  # H/H
 486   2   0.000000   -33.799482666   -12.895770132    1.413785222   0  0  0  # H/H
 487   2   0.000000   -34.974811124   -14.245263004    1.716000435   0  0  0  # H/H
 488   2   0.000000   -34.111623739   -15.867877384   -2.230457819   0  0  0  # H/H
 489   2   0.000000   -32.949269137   -14.532979359   -2.529394391   0  0  0  # H/H
 490   2   0.000000   -33.311577220   -15.875168763   -4.542564669   0  0  0  # H/H
 491   2   0.000000   -31.611862795   -16.010891974   -4.038071238   0  0  0  # H/H
 492   2   0.000000   -32.797803183   -17.372737177   -3.733195790   0  0  0  # H/H
 493   2   0.000000   -29.193958715   -18.482468193   -0.172064613   0  0  0  # H/H
 494   2   0.000000   -28.760499085   -17.352721296    1.110548064   0  0  0  # H/H
 495   2   0.000000   -29.934896051   -18.701235478    1.412948986   0  0  0  # H/H
 496   2   0.000000   -30.036735868   -17.086010203    2.784166657   0  0  0  # H/H
 497   2   0.000000   -31.224102956   -15.912922818    3.405539891   0  0  0  # H/H
 498   2   0.000000   -31.109676524   -17.402093080   -2.798336028   0  0  0  # H/H
 499   2   0.000000   -29.983314187   -18.136023427   -1.695908642   0  0  0  # H/H
 500   4   0.000000   -25.199483201   35.097727733    30.515052232   0  0  0  # O/O
 501   1   0.000000   -25.135944311   33.563519258    30.630521125   0  0  0  # C/C
 502   1   0.000000   -26.008982612   34.092571240    29.675482181   0  0  0  # C/C
 503   1   0.000000   -27.488425933   34.244257862    30.013102436   0  0  0  # C/C
 504   4   0.000000   -28.215021564   33.199559290    29.399192920   0  0  0  # O/O
 505   1   0.000000   -29.578838413   33.146390439    29.559991106   0  0  0  # C/C
 506   1   0.000000   -30.253221953   32.115324454    29.014685527   0  0  0  # C/C
 507   1   0.000000   -31.583179064   31.980981348    29.125038608   0  0  0  # C/C
 508   1   0.000000   -32.310573284   32.887656521    29.797536400   0  0  0  # C/C
 509   1   0.000000   -31.655610108   33.919473150    30.354738449   0  0  0  # C/C
 510   1   0.000000   -30.323962717   34.042865020    30.237605736   0  0  0  # C/C
 511   1   0.000000   -33.809106970   32.741899864    29.936223013   0  0  0  # C/C
 512   1   0.000000   -34.125325368   31.923594317    31.167704302   0  0  0  # C/C
 513   1   0.000000   -34.247721369   30.587911428    31.103704374   0  0  0  # C/C
 514   1   0.000000   -34.520679739   29.871619795    32.204367808   0  0  0  # C/C
 515   1   0.000000   -34.683432801   30.435541557    33.417093341   0  0  0  # C/C
 516   1   0.000000   -34.553516275   31.776866193    33.463435625   0  0  0  # C/C
 517   1   0.000000   -34.280574401   32.504509984    32.368681357   0  0  0  # C/C
 518   4   0.000000   -34.960480463   29.621988650    34.489566310   0  0  0  # O/O
 519   1   0.000000   -35.135703781   30.200042266    35.766801326   0  0  0  # C/C
 520   1   0.000000   -35.391498565   29.095562651    36.786904212   0  0  0  # C/C
 521   1   0.000000   -36.694290748   28.863018666    37.237256211   0  0  0  # C/C
 522   4   0.000000   -35.792287368   29.737447330    38.127672508   0  0  0  # O/O
 523   2   0.000000   -24.138326274   33.241632350    30.334018710   0  0  0  # H/H
 524   2   0.000000   -25.487876303   33.282049919    31.621571106   0  0  0  # H/H
 525   2   0.000000   -25.717172529   34.147216069    28.621764444   0  0  0  # H/H
 526   2   0.000000   -27.656649679   34.202487034    31.113735599   0  0  0  # H/H
 527   2   0.000000   -27.835093068   35.223922075    29.609483461   0  0  0  # H/H
 528   2   0.000000   -29.689168456   31.348881795    28.455466640   0  0  0  # H/H
 529   2   0.000000   -32.079692567   31.113593458    28.659435419   0  0  0  # H/H
 530   2   0.000000   -32.219176926   34.679149181    30.921932039   0  0  0  # H/H
 531   2   0.000000   -29.860834206   34.915983125    30.723839412   0  0  0  # H/H
 532   2   0.000000   -34.296554464   33.741909940    29.996725074   0  0  0  # H/H
 533   2   0.000000   -34.239925172   32.263974488    29.026677950   0  0  0  # H/H
 534   2   0.000000   -34.121150280   30.069411853    30.138880717   0  0  0  # H/H
 535   2   0.000000   -34.614013288   28.775664268    32.112217815   0  0  0  # H/H
 536   2   0.000000   -34.666162656   32.327127003    34.410844161   0  0  0  # H/H
 537   2   0.000000   -34.180187833   33.599121587    32.460517057   0  0  0  # H/H
 538   2   0.000000   -34.202663042   30.733351571    36.063267941   0  0  0  # H/H
 539   2   0.000000   -35.988884027   30.915340136    35.725237312   0  0  0  # H/H
 540   2   0.000000   -34.606842643   28.347172445    36.937188989   0  0  0  # H/H
 541   2   0.000000   -36.924545266   27.948087653    37.781869936   0  0  0  # H/H
 542   2   0.000000   -37.527220313   29.473595034    36.892969110   0  0  0  # H/H
 543   4   0.000000   -4.833166017    -21.654651629   33.647251321   0  0  0  # O/O
 544   1   0.000000   -5.384049263    -20.703602951   32.568733839   0  0  0  # C/C
 545   1   0.000000   -4.157212104    -21.319683517   32.305092831   0  0  0  # C/C
 546   1   0.000000   -2.862427303    -20.561822988   32.578823628   0  0  0  # C/C
 547   4   0.000000   -2.338470311    -20.080306178   31.358236949   0  0  0  # O/O
 548   1   0.000000   -1.159603817    -19.373987580   31.366434950   0  0  0  # C/C
 549   1   0.000000   -0.698739242    -18.874057668   30.203283057   0  0  0  # C/C
 550   1   0.000000    0.439447952    -18.169519161   30.118623771   0  0  0  # C/C
 551   1   0.000000    1.180274106    -17.929318673   31.212651117   0  0  0  # C/C
 552   1   0.000000    0.733893501    -18.413360186   32.383353731   0  0  0  # C/C
 553   1   0.000000   -0.407170764    -19.116932965   32.455382109   0  0  0  # C/C
 554   1   0.000000    2.460299988    -17.128736123   31.130898380   0  0  0  # C/C
 555   1   0.000000    2.149559485    -15.659620942   31.307830949   0  0  0  # C/C
 556   1   0.000000    1.878837500    -14.873234801   30.253586198   0  0  0  # C/C
 557   1   0.000000    1.596831981    -13.572988455   30.423504700   0  0  0  # C/C
 558   1   0.000000    1.566228646    -12.988101228   31.636834786   0  0  0  # C/C
 559   1   0.000000    1.836862640    -13.793225008   32.684074315   0  0  0  # C/C
 560   1   0.000000    2.120592088    -15.095970376   32.526588550   0  0  0  # C/C
 561   4   0.000000    1.266868527    -11.649022231   31.714764033   0  0  0  # O/O
 562   1   0.000000    1.233350048    -11.022177147   32.980512915   0  0  0  # C/C
 563   1   0.000000    0.842449190    -9.558439050    32.805631835   0  0  0  # C/C
 564   1   0.000000    1.828982293    -8.570182882    32.870925661   0  0  0  # C/C
 565   4   0.000000    1.015087541    -8.831409308    34.151711693   0  0  0  # O/O
 566   2   0.000000   -6.303245682    -21.134400746   32.173439249   0  0  0  # H/H
 567   2   0.000000   -5.432405067    -19.701455379   32.991372149   0  0  0  # H/H
 568   2   0.000000   -4.104184474    -22.208241410   31.667822723   0  0  0  # H/H
 569   2   0.000000   -3.037497837    -19.699020523   33.261728895   0  0  0  # H/H
 570   2   0.000000   -2.137555090    -21.273249760   33.038454537   0  0  0  # H/H
 571   2   0.000000   -1.281385412    -19.049650956   29.282410157   0  0  0  # H/H
 572   2   0.000000    0.764687275    -17.782974096   29.138584978   0  0  0  # H/H
 573   2   0.000000    1.311781415    -18.228441776   33.304371939   0  0  0  # H/H
 574   2   0.000000   -0.706231550    -19.478633907   33.451866683   0  0  0  # H/H
 575   2   0.000000    3.186276937    -17.469688611   31.904199473   0  0  0  # H/H
 576   2   0.000000    2.969828273    -17.307071071   30.156287287   0  0  0  # H/H
 577   2   0.000000    1.884892891    -15.296536368   29.235487060   0  0  0  # H/H
 578   2   0.000000    1.379609443    -12.958362908   29.532790888   0  0  0  # H/H
 579   2   0.000000    1.832653322    -13.406399315   33.715290716   0  0  0  # H/H
 580   2   0.000000    2.331084404    -15.712941184   33.416378316   0  0  0  # H/H
 581   2   0.000000    0.459264466    -11.511825081   33.616054183   0  0  0  # H/H
 582   2   0.000000    2.236012297    -11.117097230   33.456909529   0  0  0  # H/H
 583   2   0.000000   -0.138961163    -9.339938864    32.372677197   0  0  0  # H/H
 584   2   0.000000    1.608018578    -7.559960675    32.528367435   0  0  0  # H/H
 585   2   0.000000    2.868630312    -8.823759092    33.070775287   0  0  0  # H/H
 586   1   0.000000   33.037545135    -1.117331643    16.526063767   0  0  0  # C/C
 587   1   0.000000   33.360474775     0.146348209    16.163951742   0  0  0  # C/C
 588   1   0.000000   32.411445074     1.007016943    15.735413414   0  0  0  # C/C
 589   1   0.000000   31.143760467     0.554117433    15.685825612   0  0  0  # C/C
 590   1   0.000000   30.775382224    -0.688231226    16.033904295   0  0  0  # C/C
 591   1   0.000000   31.749456935    -1.515990349    16.455707271   0  0  0  # C/C
 592   1   0.000000   29.325900025    -1.146457757    15.957870532   0  0  0  # C/C
 593   1   0.000000   28.278552965    -0.137194082    15.465649161   0  0  0  # C/C
 594   1   0.000000   32.574908594     2.459138595    15.286993427   0  0  0  # C/C
 595   1   0.000000   33.918915727     3.194289323    15.256460121   0  0  0  # C/C
 596   1   0.000000   34.066703341    -2.128164441    17.016073033   0  0  0  # C/C
 597   3   0.000000   31.434295204    -2.699480825    16.792754309   0  0  0  # N/N
 598   3   0.000000   34.575407361     0.502747075    16.236820654   0  0  0  # N/N
 599   2   0.000000   30.370538093     1.255162770    15.336734153   0  0  0  # H/H
 600   2   0.000000   29.278558554    -2.032188263    15.278272279   0  0  0  # H/H
 601   2   0.000000   29.013938866    -1.477616071    16.978439034   0  0  0  # H/H
 602   2   0.000000   27.263404425    -0.597989401    15.458042913   0  0  0  # H/H
 603   2   0.000000   28.220287036     0.754932362    16.130447791   0  0  0  # H/H
 604   2   0.000000   28.485880661     0.198106758    14.423618186   0  0  0  # H/H
 605   2   0.000000   32.163557084     2.521134832    14.248291828   0  0  0  # H/H
 606   2   0.000000   31.900712169     3.072002505    15.936439152   0  0  0  # H/H
 607   2   0.000000   33.780820655     4.239778616    14.893805397   0  0  0  # H/H
 608   2   0.000000   34.369029155     3.281875584    16.271628347   0  0  0  # H/H
 609   2   0.000000   34.637177072     2.720001826    14.549298363   0  0  0  # H/H
 610   2   0.000000   35.118866215    -1.787991824    17.068588333   0  0  0  # H/H
 611   2   0.000000   33.817226072    -2.460257210    18.049966328   0  0  0  # H/H
 612   2   0.000000   34.082443445    -3.017041243    16.344446954   0  0  0  # H/H
 613   2   0.000000   32.147168080    -3.389564229    17.128983648   0  0  0  # H/H
 614   2   0.000000   30.443301571    -3.037015359    16.748684391   0  0  0  # H/H
 615   2   0.000000   34.911599686     1.453056442    15.979031829   0  0  0  # H/H
 616   2   0.000000   35.342743336    -0.127195349    16.561793735   0  0  0  # H/H
 617   4   0.000000   -34.380794464   32.518963204    -7.218761017   0  0  0  # O/O
 618   1   0.000000   -34.498680404   31.088735503    -6.660444326   0  0  0  # C/C
 619   1   0.000000   -35.172125432   32.098434556    -5.966779510   0  0  0  # C/C
 620   1   0.000000   -34.523361470   32.725997999    -4.737544684   0  0  0  # C/C
 621   4   0.000000   -35.118452026   32.190747806    -3.573244177   0  0  0  # O/O
 622   1   0.000000   -34.693437894   32.627182436    -2.341348410   0  0  0  # C/C
 623   1   0.000000   -35.230722309   32.069896536    -1.238621660   0  0  0  # C/C
 624   1   0.000000   -34.872931648   32.431000526     0.002588049   0  0  0  # C/C
 625   1   0.000000   -33.945560774   33.382092470     0.199623268   0  0  0  # C/C
 626   1   0.000000   -33.392702771   33.944924277    -0.887420809   0  0  0  # C/C
 627   1   0.000000   -33.758953530   33.574745470    -2.124780268   0  0  0  # C/C
 628   1   0.000000   -33.527724878   33.790997950     1.594001861   0  0  0  # C/C
 629   1   0.000000   -32.386005587   32.914384572     2.056808794   0  0  0  # C/C
 630   1   0.000000   -32.611995354   31.771466850     2.724486304   0  0  0  # C/C
 631   1   0.000000   -31.591387835   30.997887753     3.123203802   0  0  0  # C/C
 632   1   0.000000   -30.303588764   31.311762920     2.881842118   0  0  0  # C/C
 633   1   0.000000   -30.095436650   32.460629061     2.207337130   0  0  0  # C/C
 634   1   0.000000   -31.108710445   33.243191660     1.803206392   0  0  0  # C/C
 635   4   0.000000   -29.323215277   30.458090485     3.327861409   0  0  0  # O/O
 636   1   0.000000   -27.968382358   30.775822272     3.083622278   0  0  0  # C/C
 637   1   0.000000   -27.084190188   29.663110693     3.636788834   0  0  0  # C/C
 638   1   0.000000   -26.416354269   29.853723380     4.849975995   0  0  0  # C/C
 639   4   0.000000   -25.613005586   30.110639505     3.561681864   0  0  0  # O/O
 640   2   0.000000   -35.033898086   30.482304156    -7.390204331   0  0  0  # H/H
 641   2   0.000000   -33.506791071   30.759895835    -6.355024611   0  0  0  # H/H
 642   2   0.000000   -36.244601013   32.259060524    -6.116631690   0  0  0  # H/H
 643   2   0.000000   -33.428684105   32.520106897    -4.710568573   0  0  0  # H/H
 644   2   0.000000   -34.705618136   33.825174409    -4.775255124   0  0  0  # H/H
 645   2   0.000000   -35.995366554   31.283269878    -1.360499216   0  0  0  # H/H
 646   2   0.000000   -35.345942414   31.936720759     0.867239463   0  0  0  # H/H
 647   2   0.000000   -32.621386791   34.723589520    -0.764230313   0  0  0  # H/H
 648   2   0.000000   -33.258369014   34.082519689    -2.964319972   0  0  0  # H/H
 649   2   0.000000   -33.228834436   34.864080081     1.615095752   0  0  0  # H/H
 650   2   0.000000   -34.389164541   33.716164686     2.296576341   0  0  0  # H/H
 651   2   0.000000   -33.645829726   31.459949482     2.947847357   0  0  0  # H/H
 652   2   0.000000   -31.816662370   30.065766013     3.669758223   0  0  0  # H/H
 653   2   0.000000   -29.076812128   32.799133602     1.960602740   0  0  0  # H/H
 654   2   0.000000   -30.885361516   34.171489250     1.250879803   0  0  0  # H/H
 655   2   0.000000   -27.795054219   30.839031938     1.984150503   0  0  0  # H/H
 656   2   0.000000   -27.734425661   31.752998387     3.564960251   0  0  0  # H/H
 657   2   0.000000   -27.203576853   28.659233755     3.216864735   0  0  0  # H/H
 658   2   0.000000   -25.971270650   29.002327917     5.363538403   0  0  0  # H/H
 659   2   0.000000   -26.494630803   30.792755334     5.395137021   0  0  0  # H/H
 660   4   0.000000    6.504174351    -34.977170181   34.623011521   0  0  0  # O/O
 661   1   0.000000    6.300327528    -33.518330386   35.071786328   0  0  0  # C/C
 662   1   0.000000    5.300550804    -34.433391813   35.414277712   0  0  0  # C/C
 663   1   0.000000    4.050276922    -34.538657894   34.547396472   0  0  0  # C/C
 664   4   0.000000    2.984282350    -33.865305048   35.184948610   0  0  0  # O/O
 665   1   0.000000    1.748980267    -33.843527135   34.583089933   0  0  0  # C/C
 666   1   0.000000    0.755025247    -33.152579455   35.174607575   0  0  0  # C/C
 667   1   0.000000   -0.479604581    -33.073612708   34.656471270   0  0  0  # C/C
 668   1   0.000000   -0.780337048    -33.692907687   33.503453832   0  0  0  # C/C
 669   1   0.000000    0.199211109    -34.381193251   32.894483527   0  0  0  # C/C
 670   1   0.000000    1.431252553    -34.452623689   33.422879186   0  0  0  # C/C
 671   1   0.000000   -2.166053343    -33.603509834   32.905222636   0  0  0  # C/C
 672   1   0.000000   -2.249641926    -32.393275575   32.002720449   0  0  0  # C/C
 673   1   0.000000   -2.642544257    -31.198896784   32.474114775   0  0  0  # C/C
 674   1   0.000000   -2.705296286    -30.130450828   31.665705601   0  0  0  # C/C
 675   1   0.000000   -2.382837250    -30.187517258   30.358814970   0  0  0  # C/C
 676   1   0.000000   -1.987130914    -31.393455401   29.903504765   0  0  0  # C/C
 677   1   0.000000   -1.920411806    -32.470034703   30.702864024   0  0  0  # C/C
 678   4   0.000000   -2.476776416    -29.040936690   29.606917076   0  0  0  # O/O
 679   1   0.000000   -2.143805241    -29.086711121   28.234614858   0  0  0  # C/C
 680   1   0.000000   -2.290152374    -27.691783498   27.635719597   0  0  0  # C/C
 681   1   0.000000   -3.416180885    -27.388523152   26.864840842   0  0  0  # C/C
 682   4   0.000000   -2.136273882    -27.786318301   26.106768384   0  0  0  # O/O
 683   2   0.000000    7.080055519    -33.272342656   35.791703619   0  0  0  # H/H
 684   2   0.000000    6.215291567    -32.897265290   34.181669363   0  0  0  # H/H
 685   2   0.000000    5.266550071    -34.874366055   36.415699660   0  0  0  # H/H
 686   2   0.000000    4.216284135    -34.083138568   33.544210977   0  0  0  # H/H
 687   2   0.000000    3.795385522    -35.618653346   34.440305170   0  0  0  # H/H
 688   2   0.000000    0.964567252    -32.628805200   36.123327312   0  0  0  # H/H
 689   2   0.000000   -1.251720508    -32.490366374   35.184992272   0  0  0  # H/H
 690   2   0.000000   -0.008790838    -34.895615352   31.941315708   0  0  0  # H/H
 691   2   0.000000    2.179518231    -35.035303392   32.862674520   0  0  0  # H/H
 692   2   0.000000   -2.408781293    -34.530890114   32.337477386   0  0  0  # H/H
 693   2   0.000000   -2.934788164    -33.546524472   33.709640844   0  0  0  # H/H
 694   2   0.000000   -2.915370685    -31.089501074   33.536821253   0  0  0  # H/H
 695   2   0.000000   -3.032983301    -29.165392328   32.089503434   0  0  0  # H/H
 696   2   0.000000   -1.700376126    -31.537895674   28.849954672   0  0  0  # H/H
 697   2   0.000000   -1.586495097    -33.433517032   30.282284360   0  0  0  # H/H
 698   2   0.000000   -1.079880609    -29.400093221   28.121777251   0  0  0  # H/H
 699   2   0.000000   -2.814007139    -29.816222614   27.724774161   0  0  0  # H/H
 700   2   0.000000   -1.657641417    -26.894070995   28.038140997   0  0  0  # H/H
 701   2   0.000000   -3.644951186    -26.351073554   26.623837748   0  0  0  # H/H
 702   2   0.000000   -4.178900858    -28.138250301   26.661675353   0  0  0  # H/H
 703   1   0.000000   30.780876575    -15.801125971   17.037236805   0  0  0  # C/C
 704   1   0.000000   31.481651125    -16.945339685   16.858392049   0  0  0  # C/C
 705   1   0.000000   32.488613553    -17.006490277   15.959870812   0  0  0  # C/C
 706   1   0.000000   32.759384610    -15.888756075   15.258476152   0  0  0  # C/C
 707   1   0.000000   32.093502703    -14.732586927   15.400482056   0  0  0  # C/C
 708   1   0.000000   31.097290286    -14.711411799   16.305488626   0  0  0  # C/C
 709   1   0.000000   32.443115545    -13.499136508   14.580041774   0  0  0  # C/C
 710   1   0.000000   33.594274121    -13.611062176   13.570023216   0  0  0  # C/C
 711   1   0.000000   33.387965157    -18.193779287   15.616403783   0  0  0  # C/C
 712   1   0.000000   33.271853872    -19.569615162   16.280728901   0  0  0  # C/C
 713   1   0.000000   29.636945338    -15.676809027   18.035748329   0  0  0  # C/C
 714   3   0.000000   30.446712802    -13.632032010   16.464439999   0  0  0  # N/N
 715   3   0.000000   31.170094271    -17.958438324   17.554778934   0  0  0  # N/N
 716   2   0.000000   33.579683754    -15.938440156   14.526463136   0  0  0  # H/H
 717   2   0.000000   31.531347266    -13.192209662   14.011633429   0  0  0  # H/H
 718   2   0.000000   32.701881340    -12.674610829   15.288380201   0  0  0  # H/H
 719   2   0.000000   33.745362024    -12.642519989   13.038972166   0  0  0  # H/H
 720   2   0.000000   34.559496483    -13.856405777   14.069416888   0  0  0  # H/H
 721   2   0.000000   33.384344304    -14.375940890   12.787635840   0  0  0  # H/H
 722   2   0.000000   33.278840375    -18.369840914   14.516836280   0  0  0  # H/H
 723   2   0.000000   34.441317783    -17.855969803   15.784498217   0  0  0  # H/H
 724   2   0.000000   34.035263026    -20.267291909   15.863487747   0  0  0  # H/H
 725   2   0.000000   33.470483651    -19.521613915   17.375754961   0  0  0  # H/H
 726   2   0.000000   32.284593898    -20.045968751   16.082409106   0  0  0  # H/H
 727   2   0.000000   29.388152029    -16.577893819   18.628766091   0  0  0  # H/H
 728   2   0.000000   29.867936490    -14.888650050   18.788681510   0  0  0  # H/H
 729   2   0.000000   28.693470850    -15.407431338   17.507806230   0  0  0  # H/H
 730   2   0.000000   29.661144709    -13.553434543   17.153031475   0  0  0  # H/H
 731   2   0.000000   30.669482744    -12.770585978   15.911064550   0  0  0  # H/H
 732   2   0.000000   31.654793647    -18.876252265   17.482305940   0  0  0  # H/H
 733   2   0.000000   30.400125668    -17.958356184   18.260744799   0  0  0  # H/H
 734   4   0.000000   -31.201560329    5.354230376    -5.361224383   0  0  0  # O/O
 735   1   0.000000   -32.647463282    5.251088916    -4.841712700   0  0  0  # C/C
 736   1   0.000000   -31.650479091    5.510647972    -3.896809066   0  0  0  # C/C
 737   1   0.000000   -31.075012647    4.360358822    -3.077405592   0  0  0  # C/C
 738   4   0.000000   -31.638886443    4.384375122    -1.782148564   0  0  0  # O/O
 739   1   0.000000   -31.250816773    3.438344014    -0.863940279   0  0  0  # C/C
 740   1   0.000000   -31.835611848    3.439073172     0.349840010   0  0  0  # C/C
 741   1   0.000000   -31.522022951    2.551115329     1.304934070   0  0  0  # C/C
 742   1   0.000000   -30.593443377    1.606309134     1.084714341   0  0  0  # C/C
 743   1   0.000000   -30.003885637    1.584462870    -0.121950837   0  0  0  # C/C
 744   1   0.000000   -30.326531930    2.478513723    -1.070002966   0  0  0  # C/C
 745   1   0.000000   -30.238180728    0.594488575     2.150589472   0  0  0  # C/C
 746   1   0.000000   -31.148433852   -0.606817768     2.030312579   0  0  0  # C/C
 747   1   0.000000   -32.309088176   -0.671121514     2.702526919   0  0  0  # C/C
 748   1   0.000000   -33.112245739   -1.738554939     2.581846429   0  0  0  # C/C
 749   1   0.000000   -32.811773101   -2.789225453     1.793806332   0  0  0  # C/C
 750   1   0.000000   -31.644652868   -2.706104058     1.123657926   0  0  0  # C/C
 751   1   0.000000   -30.832458500   -1.643052872     1.236406070   0  0  0  # C/C
 752   4   0.000000   -33.695881832   -3.839612494     1.731670776   0  0  0  # O/O
 753   1   0.000000   -33.392564407   -4.948955460     0.910978870   0  0  0  # C/C
 754   1   0.000000   -34.537518601   -5.953919568     0.981993834   0  0  0  # C/C
 755   1   0.000000   -34.398480328   -7.101040994     1.768722436   0  0  0  # C/C
 756   4   0.000000   -34.112048836   -7.247008431     0.262824937   0  0  0  # O/O
 757   2   0.000000   -33.220330614    6.074916607    -5.265856030   0  0  0  # H/H
 758   2   0.000000   -33.002606093    4.238006598    -5.022817593   0  0  0  # H/H
 759   2   0.000000   -31.467289949    6.530771117    -3.544316855   0  0  0  # H/H
 760   2   0.000000   -31.299706398    3.376976091    -3.550595315   0  0  0  # H/H
 761   2   0.000000   -29.972334966    4.507368897    -3.004478783   0  0  0  # H/H
 762   2   0.000000   -32.605027305    4.199927851     0.567593247   0  0  0  # H/H
 763   2   0.000000   -32.036980429    2.599572055     2.278661178   0  0  0  # H/H
 764   2   0.000000   -29.242579832    0.817297932    -0.341712596   0  0  0  # H/H
 765   2   0.000000   -29.799380815    2.393752167    -2.033420638   0  0  0  # H/H
 766   2   0.000000   -29.171470917    0.286258207     2.058883808   0  0  0  # H/H
 767   2   0.000000   -30.322176713    1.050122352     3.163817850   0  0  0  # H/H
 768   2   0.000000   -32.610791373    0.160816650     3.360250882   0  0  0  # H/H
 769   2   0.000000   -34.058224836   -1.755331021     3.150321055   0  0  0  # H/H
 770   2   0.000000   -31.314951433   -3.514760606     0.452516622   0  0  0  # H/H
 771   2   0.000000   -29.890076789   -1.621849983     0.663559696   0  0  0  # H/H
 772   2   0.000000   -33.295612507   -4.611508263    -0.147135494   0  0  0  # H/H
 773   2   0.000000   -32.435962903   -5.403184621     1.257222384   0  0  0  # H/H
 774   2   0.000000   -35.524737979   -5.628788558     0.638415523   0  0  0  # H/H
 775   2   0.000000   -35.273740390   -7.703916723     2.007847277   0  0  0  # H/H
 776   2   0.000000   -33.476976485   -7.304041222     2.311613167   0  0  0  # H/H
 777   4   0.000000   -13.633538568   -11.057524999   -5.293374808   0  0  0  # O/O
 778   1   0.000000   -15.165803330   -11.208599481   -5.270855940   0  0  0  # C/C
 779   1   0.000000   -14.549559510   -10.811572556   -4.080559996   0  0  0  # C/C
 780   1   0.000000   -14.243307022   -11.853534092   -3.009917954   0  0  0  # C/C
 781   4   0.000000   -15.207021268   -11.760166084   -1.980958054   0  0  0  # O/O
 782   1   0.000000   -15.116851811   -12.602677339   -0.898958223   0  0  0  # C/C
 783   1   0.000000   -16.072381015   -12.540374160    0.048844845   0  0  0  # C/C
 784   1   0.000000   -16.066555299   -13.326794665    1.135362512   0  0  0  # C/C
 785   1   0.000000   -15.087758188   -14.226341974    1.325589625   0  0  0  # C/C
 786   1   0.000000   -14.129432201   -14.308777927    0.388086528   0  0  0  # C/C
 787   1   0.000000   -14.146335347   -13.516293643   -0.695386288   0  0  0  # C/C
 788   1   0.000000   -15.075590117   -15.124406724    2.541901193   0  0  0  # C/C
 789   1   0.000000   -15.854570748   -16.386113081    2.246180958   0  0  0  # C/C
 790   1   0.000000   -17.170179209   -16.468348883    2.502183302   0  0  0  # C/C
 791   1   0.000000   -17.852418846   -17.590214110    2.228308405   0  0  0  # C/C
 792   1   0.000000   -17.272871104   -18.680311395    1.688853259   0  0  0  # C/C
 793   1   0.000000   -15.952464002   -18.578784825    1.435091302   0  0  0  # C/C
 794   1   0.000000   -15.258924709   -17.461354889    1.704912070   0  0  0  # C/C
 795   4   0.000000   -18.051448013   -19.785550647    1.441697027   0  0  0  # O/O
 796   1   0.000000   -17.456450671   -20.936475774    0.878200802   0  0  0  # C/C
 797   1   0.000000   -18.526652684   -22.002085834    0.665929888   0  0  0  # C/C
 798   1   0.000000   -18.620860643   -23.070854169    1.562043835   0  0  0  # C/C
 799   4   0.000000   -17.844465286   -23.319936280    0.255810655   0  0  0  # O/O
 800   2   0.000000   -15.590804922   -10.459253577   -5.937654990   0  0  0  # H/H
 801   2   0.000000   -15.407493795   -12.253246005   -5.459430957   0  0  0  # H/H
 802   2   0.000000   -14.527236981   -9.756821317    -3.788221531   0  0  0  # H/H
 803   2   0.000000   -14.265703536   -12.884098068   -3.432852555   0  0  0  # H/H
 804   2   0.000000   -13.233286781   -11.632382234   -2.593049486   0  0  0  # H/H
 805   2   0.000000   -16.894454089   -11.814051606   -0.073498391   0  0  0  # H/H
 806   2   0.000000   -16.877822974   -13.232060340    1.876000013   0  0  0  # H/H
 807   2   0.000000   -13.314128438   -15.042047676    0.506488584   0  0  0  # H/H
 808   2   0.000000   -13.325844165   -13.645545361   -1.418805008   0  0  0  # H/H
 809   2   0.000000   -14.029948772   -15.371675896    2.836481985   0  0  0  # H/H
 810   2   0.000000   -15.507033142   -14.594462520    3.421847366   0  0  0  # H/H
 811   2   0.000000   -17.700421388   -15.606454849    2.940051599   0  0  0  # H/H
 812   2   0.000000   -18.932700906   -17.620126646    2.452846157   0  0  0  # H/H
 813   2   0.000000   -15.392117667   -19.416852270    0.991566733   0  0  0  # H/H
 814   2   0.000000   -14.180718231   -17.427617526    1.474654821   0  0  0  # H/H
 815   2   0.000000   -17.023373432   -20.680317466   -0.116637535   0  0  0  # H/H
 816   2   0.000000   -16.655796870   -21.300445300    1.562141454   0  0  0  # H/H
 817   2   0.000000   -19.352889862   -21.768238228   -0.013044157   0  0  0  # H/H
 818   2   0.000000   -19.505891130   -23.706006932    1.557351679   0  0  0  # H/H
 819   2   0.000000   -17.926893327   -23.171202652    2.394779277   0  0  0  # H/H
 820   1   0.000000   -16.110576396   33.102598039    33.172059478   0  0  0  # C/C
 821   1   0.000000   -14.968896793   32.734068380    32.545123266   0  0  0  # C/C
 822   1   0.000000   -14.985506116   31.796790350    31.572350340   0  0  0  # C/C
 823   1   0.000000   -16.177274366   31.252491718    31.259255118   0  0  0  # C/C
 824   1   0.000000   -17.334262877   31.584918311    31.851844044   0  0  0  # C/C
 825   1   0.000000   -17.276646524   32.522458459    32.816013783   0  0  0  # C/C
 826   1   0.000000   -18.653457311   30.936336210    31.457105356   0  0  0  # C/C
 827   1   0.000000   -18.628438787   29.875803306    30.346936475   0  0  0  # C/C
 828   1   0.000000   -13.814633562   31.251414389    30.754988350   0  0  0  # C/C
 829   1   0.000000   -12.365041295   31.715955257    30.929968603   0  0  0  # C/C
 830   1   0.000000   -16.149124477   34.153239161    34.274659096   0  0  0  # C/C
 831   3   0.000000   -18.354496197   32.860038658    33.397268479   0  0  0  # N/N
 832   3   0.000000   -13.883397763   33.290017708    32.892978727   0  0  0  # N/N
 833   2   0.000000   -16.190941766   30.488925685    30.466801733   0  0  0  # H/H
 834   2   0.000000   -19.087610576   30.454387111    32.366967729   0  0  0  # H/H
 835   2   0.000000   -19.351490981   31.744608428    31.128486007   0  0  0  # H/H
 836   2   0.000000   -19.654426556   29.483344279    30.156563810   0  0  0  # H/H
 837   2   0.000000   -18.262312445   30.296200516    29.382333231   0  0  0  # H/H
 838   2   0.000000   -17.997495067   29.000906882    30.625694879   0  0  0  # H/H
 839   2   0.000000   -13.806132447   30.143175357    30.908899324   0  0  0  # H/H
 840   2   0.000000   -14.068076573   31.424198745    29.678960959   0  0  0  # H/H
 841   2   0.000000   -11.695821085   31.173133021    30.222066851   0  0  0  # H/H
 842   2   0.000000   -12.242931069   32.797811857    30.694351602   0  0  0  # H/H
 843   2   0.000000   -11.975600891   31.490817913    31.949073646   0  0  0  # H/H
 844   2   0.000000   -15.185970836   34.620515595    34.556633878   0  0  0  # H/H
 845   2   0.000000   -16.806227564   35.001505989    33.974461192   0  0  0  # H/H
 846   2   0.000000   -16.541987002   33.707188756    35.217065263   0  0  0  # H/H
 847   2   0.000000   -18.373856155   33.583426794    34.154756305   0  0  0  # H/H
 848   2   0.000000   -19.274112671   32.427321297    33.142314902   0  0  0  # H/H
 849   2   0.000000   -12.961418124   33.067677092    32.465092709   0  0  0  # H/H
 850   2   0.000000   -13.821835729   34.018724737    33.638924866   0  0  0  # H/H
 851   4   0.000000   21.911034781    11.684100393    29.883234991   0  0  0  # O/O
 852   1   0.000000   22.328538901    12.844320158    30.805594089   0  0  0  # C/C
 853   1   0.000000   21.368776866    11.955423891    31.298454639   0  0  0  # C/C
 854   1   0.000000   19.890424642    12.316958354    31.200902899   0  0  0  # C/C
 855   4   0.000000   19.435064572    12.757403123    32.463787225   0  0  0  # O/O
 856   1   0.000000   18.119141706    13.125087738    32.611551952   0  0  0  # C/C
 857   1   0.000000   17.710490282    13.594342593    33.806563372   0  0  0  # C/C
 858   1   0.000000   16.447048024    13.979812940    34.039239249   0  0  0  # C/C
 859   1   0.000000   15.519880984    13.912045010    33.070124040   0  0  0  # C/C
 860   1   0.000000   15.909318379    13.453524388    31.869210307   0  0  0  # C/C
 861   1   0.000000   17.177042064    13.070935194    31.648455770   0  0  0  # C/C
 862   1   0.000000   14.094799723    14.352193256    33.318106115   0  0  0  # C/C
 863   1   0.000000   13.961854816    15.827692100    33.015793321   0  0  0  # C/C
 864   1   0.000000   14.154654740    16.753891292    33.968740746   0  0  0  # C/C
 865   1   0.000000   14.041721774    18.060358733    33.686909342   0  0  0  # C/C
 866   1   0.000000   13.736426023    18.514930229    32.455910240   0  0  0  # C/C
 867   1   0.000000   13.549854731    17.571426790    31.510833468   0  0  0  # C/C
 868   1   0.000000   13.660051849    16.260927715    31.780830556   0  0  0  # C/C
 869   4   0.000000   13.642527816    19.871968725    32.259819295   0  0  0  # O/O
 870   1   0.000000   13.320978504    20.362622325    30.974500827   0  0  0  # C/C
 871   1   0.000000   13.316163925    21.887386301    31.005928959   0  0  0  # C/C
 872   1   0.000000   12.097592028    22.570904802    31.051162688   0  0  0  # C/C
 873   4   0.000000   12.759581859    22.412451338    29.669953532   0  0  0  # O/O
 874   2   0.000000   23.377444629    12.709674758    31.067193018   0  0  0  # H/H
 875   2   0.000000   22.038990300    13.779196855    30.328699603   0  0  0  # H/H
 876   2   0.000000   21.653486243    11.148743714    31.981585602   0  0  0  # H/H
 877   2   0.000000   19.722288322    13.126646283    30.454194773   0  0  0  # H/H
 878   2   0.000000   19.330451946    11.399803429    30.904110422   0  0  0  # H/H
 879   2   0.000000   18.444699766    13.666162846    34.627596102   0  0  0  # H/H
 880   2   0.000000   16.172219287    14.358464458    35.037620906   0  0  0  # H/H
 881   2   0.000000   15.177054213    13.391894473    31.046765935   0  0  0  # H/H
 882   2   0.000000   17.417804449    12.707700834    30.636852733   0  0  0  # H/H
 883   2   0.000000   13.387170736    13.760725963    32.693035424   0  0  0  # H/H
 884   2   0.000000   13.798933552    14.139515325    34.370969124   0  0  0  # H/H
 885   2   0.000000   14.410974766    16.442407060    34.994910497   0  0  0  # H/H
 886   2   0.000000   14.207331539    18.792068427    34.496536182   0  0  0  # H/H
 887   2   0.000000   13.299906330    17.846158036    30.473959494   0  0  0  # H/H
 888   2   0.000000   13.501617641    15.528822081    30.971135698   0  0  0  # H/H
 889   2   0.000000   14.100277934    20.035576452    30.247445336   0  0  0  # H/H
 890   2   0.000000   12.325314296    19.962855093    30.674277434   0  0  0  # H/H
 891   2   0.000000   14.251487812    22.396110380    31.260344699   0  0  0  # H/H
 892   2   0.000000   12.079647843    23.631458755    31.299403154   0  0  0  # H/H
 893   2   0.000000   11.149929403    22.035307391    31.037756242   0  0  0  # H/H
 894   4   0.000000   -20.159384006   -27.564746358   -4.590867623   0  0  0  # O/O
 895   1   0.000000   -20.622198370   -29.033258866   -4.611838531   0  0  0  # C/C
 896   1   0.000000   -20.611594361   -28.388725937   -3.371412750   0  0  0  # C/C
 897   1   0.000000   -19.422742983   -28.580827055   -2.435742738   0  0  0  # C/C
 898   4   0.000000   -19.774602778   -29.496185315   -1.418621727   0  0  0  # O/O
 899   1   0.000000   -18.851607862   -29.810089362   -0.450002084   0  0  0  # C/C
 900   1   0.000000   -19.180782931   -30.724804277    0.482837023   0  0  0  # C/C
 901   1   0.000000   -18.341689299   -31.094716087    1.461662297   0  0  0  # C/C
 902   1   0.000000   -17.114524180   -30.556935983    1.552622898   0  0  0  # C/C
 903   1   0.000000   -16.764744415   -29.648136075    0.627510319   0  0  0  # C/C
 904   1   0.000000   -17.613399553   -29.286243604   -0.347706937   0  0  0  # C/C
 905   1   0.000000   -16.156816315   -30.972727464    2.646238589   0  0  0  # C/C
 906   1   0.000000   -15.344279406   -32.160234795    2.181723445   0  0  0  # C/C
 907   1   0.000000   -15.759060438   -33.417802051    2.404449377   0  0  0  # C/C
 908   1   0.000000   -15.033683447   -34.463430840    1.980741190   0  0  0  # C/C
 909   1   0.000000   -13.869698460   -34.319965721    1.317599998   0  0  0  # C/C
 910   1   0.000000   -13.470389949   -33.050632505    1.099600937   0  0  0  # C/C
 911   1   0.000000   -14.187714860   -31.996082467    1.518908520   0  0  0  # C/C
 912   4   0.000000   -13.194491942   -35.449388252    0.920960472   0  0  0  # O/O
 913   1   0.000000   -11.971540641   -35.313829226    0.226559762   0  0  0  # C/C
 914   1   0.000000   -11.443479391   -36.698120469   -0.135110202   0  0  0  # C/C
 915   1   0.000000   -10.406919558   -37.257541605    0.617719663   0  0  0  # C/C
 916   4   0.000000   -10.017049394   -36.557131047   -0.697005812   0  0  0  # O/O
 917   2   0.000000   -21.546481111   -29.089906455   -5.185649542   0  0  0  # H/H
 918   2   0.000000   -19.784535349   -29.649411819   -4.934231740   0  0  0  # H/H
 919   2   0.000000   -21.533466207   -27.976915101   -2.948300016   0  0  0  # H/H
 920   2   0.000000   -18.537282718   -28.974942335   -2.985352286   0  0  0  # H/H
 921   2   0.000000   -19.181334424   -27.593213393   -1.978392202   0  0  0  # H/H
 922   2   0.000000   -20.180713608   -31.190218646    0.439888593   0  0  0  # H/H
 923   2   0.000000   -18.666371229   -31.850966038    2.195379815   0  0  0  # H/H
 924   2   0.000000   -15.761569404   -29.191391786    0.665567533   0  0  0  # H/H
 925   2   0.000000   -17.251696130   -28.536036355   -1.068544052   0  0  0  # H/H
 926   2   0.000000   -15.487248567   -30.126632091    2.923884696   0  0  0  # H/H
 927   2   0.000000   -16.713942385   -31.219612059    3.578948485   0  0  0  # H/H
 928   2   0.000000   -16.706481293   -33.598153922    2.938877730   0  0  0  # H/H
 929   2   0.000000   -15.407032289   -35.482349573    2.182574159   0  0  0  # H/H
 930   2   0.000000   -12.533485175   -32.832986951    0.563038772   0  0  0  # H/H
 931   2   0.000000   -13.819300582   -30.977218454    1.311850888   0  0  0  # H/H
 932   2   0.000000   -12.143842435   -34.752507373   -0.721124868   0  0  0  # H/H
 933   2   0.000000   -11.249243952   -34.763201260    0.871843790   0  0  0  # H/H
 934   2   0.000000   -12.056538966   -37.323162671   -0.792254428   0  0  0  # H/H
 935   2   0.000000   -10.176110178   -38.317596587    0.519076491   0  0  0  # H/H
 936   2   0.000000   -9.950929460    -36.712021768    1.442092095   0  0  0  # H/H
 937   1   0.000000   -15.222044297   -0.255805729     1.389611941   0  0  0  # C/C
 938   1   0.000000   -15.073321070   -0.986382471     0.259817949   0  0  0  # C/C
 939   1   0.000000   -15.775557492   -0.687226713    -0.854822343   0  0  0  # C/C
 940   1   0.000000   -16.620772051    0.359681711    -0.790043633   0  0  0  # C/C
 941   1   0.000000   -16.801972325    1.112617985     0.305650174   0  0  0  # C/C
 942   1   0.000000   -16.084342924    0.783161546     1.395783632   0  0  0  # C/C
 943   1   0.000000   -17.771757186    2.285649947     0.321918854   0  0  0  # C/C
 944   1   0.000000   -18.550103650    2.591853038    -0.965810683   0  0  0  # C/C
 945   1   0.000000   -15.747371861   -1.385238887    -2.214396790   0  0  0  # C/C
 946   1   0.000000   -14.865970870   -2.598121510    -2.530279816   0  0  0  # C/C
 947   1   0.000000   -14.456024359   -0.548914458     2.673496425   0  0  0  # C/C
 948   3   0.000000   -16.232460226    1.475987061     2.450122951   0  0  0  # N/N
 949   3   0.000000   -14.258773352   -1.958354132     0.273021200   0  0  0  # N/N
 950   2   0.000000   -17.192908772    0.603493690    -1.698018049   0  0  0  # H/H
 951   2   0.000000   -18.523144480    2.101814909     1.128290569   0  0  0  # H/H
 952   2   0.000000   -17.196978004    3.205823834     0.589228732   0  0  0  # H/H
 953   2   0.000000   -19.221186696    3.469893033    -0.818807100   0  0  0  # H/H
 954   2   0.000000   -17.868697756    2.847305381    -1.809417131   0  0  0  # H/H
 955   2   0.000000   -19.200113194    1.739035522    -1.268184387   0  0  0  # H/H
 956   2   0.000000   -16.798457786   -1.699756173    -2.434059859   0  0  0  # H/H
 957   2   0.000000   -15.481676761   -0.603522964    -2.969545166   0  0  0  # H/H
 958   2   0.000000   -15.021499480   -2.926336318    -3.584662313   0  0  0  # H/H
 959   2   0.000000   -13.781490846   -2.358957971    -2.443424416   0  0  0  # H/H
 960   2   0.000000   -15.124915542   -3.477404488    -1.897243607   0  0  0  # H/H
 961   2   0.000000   -13.752676520   -1.403582529     2.654357834   0  0  0  # H/H
 962   2   0.000000   -13.835599604    0.331017668     2.960293281   0  0  0  # H/H
 963   2   0.000000   -15.166168507   -0.776187239     3.501429805   0  0  0  # H/H
 964   2   0.000000   -15.702356872    1.268942904     3.329654736   0  0  0  # H/H
 965   2   0.000000   -16.894084782    2.287771239     2.484756682   0  0  0  # H/H
 966   2   0.000000   -14.082768233   -2.571381001    -0.549042366   0  0  0  # H/H
 967   2   0.000000   -13.694804505   -2.226876886     1.110322896   0  0  0  # H/H
 968   4   0.000000   18.763046117    -12.118528513   21.945399142   0  0  0  # O/O
 969   1   0.000000   18.561282994    -13.612551242   22.259012959   0  0  0  # C/C
 970   1   0.000000   19.394118842    -13.296978257   21.181520778   0  0  0  # C/C
 971   1   0.000000   18.831602933    -13.325910612   19.764309580   0  0  0  # C/C
 972   4   0.000000   19.251371344    -14.511987924   19.121474997   0  0  0  # O/O
 973   1   0.000000   18.868578048    -14.742137909   17.821790552   0  0  0  # C/C
 974   1   0.000000   19.230129215    -15.901436574   17.238218997   0  0  0  # C/C
 975   1   0.000000   18.897292650    -16.211286645   15.976385195   0  0  0  # C/C
 976   1   0.000000   18.175320894    -15.360650518   15.228996098   0  0  0  # C/C
 977   1   0.000000   17.798955828    -14.202302988   15.795279398   0  0  0  # C/C
 978   1   0.000000   18.138040109    -13.903607634   17.059412831   0  0  0  # C/C
 979   1   0.000000   17.786529837    -15.702984540   13.808527470   0  0  0  # C/C
 980   1   0.000000   16.470183778    -16.446889181   13.810301584   0  0  0  # C/C
 981   1   0.000000   16.427733661    -17.786945884   13.884944526   0  0  0  # C/C
 982   1   0.000000   15.253754833    -18.435588719   13.893671301   0  0  0  # C/C
 983   1   0.000000   14.069367561    -17.796394801   13.831562900   0  0  0  # C/C
 984   1   0.000000   14.130785660    -16.451259206   13.760741022   0  0  0  # C/C
 985   1   0.000000   15.299670903    -15.790906955   13.751156937   0  0  0  # C/C
 986   4   0.000000   12.916249335    -18.543994656   13.846886905   0  0  0  # O/O
 987   1   0.000000   11.667224875    -17.886982104   13.780171958   0  0  0  # C/C
 988   1   0.000000   10.550468063    -18.923081612   13.852753782   0  0  0  # C/C
 989   1   0.000000    9.880944152    -19.296258187   12.683720815   0  0  0  # C/C
 990   4   0.000000    9.206415430    -18.229284598   13.565568383   0  0  0  # O/O
 991   2   0.000000   18.994304338    -13.815626941   23.237797606   0  0  0  # H/H
 992   2   0.000000   17.510316706    -13.853049663   22.107713416   0  0  0  # H/H
 993   2   0.000000   20.482507018    -13.294102939   21.299262711   0  0  0  # H/H
 994   2   0.000000   17.717873753    -13.294614318   19.772387019   0  0  0  # H/H
 995   2   0.000000   19.235663276    -12.443762387   19.215330438   0  0  0  # H/H
 996   2   0.000000   19.823072247    -16.626846152   17.821756454   0  0  0  # H/H
 997   2   0.000000   19.219684295    -17.177193350   15.553583107   0  0  0  # H/H
 998   2   0.000000   17.197805227    -13.482801639   15.214452777   0  0  0  # H/H
 999   2   0.000000   17.790290099    -12.934941753   17.451844699   0  0  0  # H/H
 1000  2   0.000000   17.712060265    -14.780023112   13.188945195   0  0  0  # H/H
 1001  2   0.000000   18.581684678    -16.314344278   13.323494215   0  0  0  # H/H
 1002  2   0.000000   17.365061457    -18.364776549   13.942172704   0  0  0  # H/H
 1003  2   0.000000   15.259103569    -19.537597871   13.955868644   0  0  0  # H/H
 1004  2   0.000000   13.214899581    -15.841668842   13.709639362   0  0  0  # H/H
 1005  2   0.000000   15.295688643    -14.689258945   13.696006034   0  0  0  # H/H
 1006  2   0.000000   11.560715001    -17.203941498   14.654807578   0  0  0  # H/H
 1007  2   0.000000   11.615727691    -17.305145201   12.831431214   0  0  0  # H/H
 1008  2   0.000000   10.481680672    -19.537692122   14.756014843   0  0  0  # H/H
 1009  2   0.000000    9.248689835    -20.183368533   12.680602694   0  0  0  # H/H
 1010  2   0.000000   10.124104584    -18.841294649   11.725081178   0  0  0  # H/H
 1011  4   0.000000    6.745550741     3.036296024    -1.823860567   0  0  0  # O/O
 1012  1   0.000000    6.867807137     1.584205369    -1.326214102   0  0  0  # C/C
 1013  1   0.000000    6.040950253     1.809187733    -2.430696736   0  0  0  # C/C
 1014  1   0.000000    4.536424916     1.950951014    -2.225622376   0  0  0  # C/C
 1015  4   0.000000    3.900502441     0.746024445    -2.599755747   0  0  0  # O/O
 1016  1   0.000000    2.532433791     0.652988338    -2.508039712   0  0  0  # C/C
 1017  1   0.000000    1.943188070    -0.518768743    -2.816298084   0  0  0  # C/C
 1018  1   0.000000    0.615910789    -0.700729905    -2.751206264   0  0  0  # C/C
 1019  1   0.000000   -0.195303195     0.298562781    -2.368111631   0  0  0  # C/C
 1020  1   0.000000    0.373728637     1.472816628    -2.049635389   0  0  0  # C/C
 1021  1   0.000000    1.703639242     1.642616042    -2.118456485   0  0  0  # C/C
 1022  1   0.000000   -1.692058715     0.102498109    -2.282299352   0  0  0  # C/C
 1023  1   0.000000   -2.057027495    -0.405090334    -0.905594601   0  0  0  # C/C
 1024  1   0.000000   -2.116278884    -1.720322900    -0.641439115   0  0  0  # C/C
 1025  1   0.000000   -2.433499931    -2.158820060     0.585806182   0  0  0  # C/C
 1026  1   0.000000   -2.704536477    -1.324652581     1.608500338   0  0  0  # C/C
 1027  1   0.000000   -2.636809789    -0.007857532     1.326291931   0  0  0  # C/C
 1028  1   0.000000   -2.320510965     0.443074739     0.101928913   0  0  0  # C/C
 1029  4   0.000000   -3.019630871    -1.864422403     2.832504453   0  0  0  # O/O
 1030  1   0.000000   -3.308192498    -1.001458144     3.913339017   0  0  0  # C/C
 1031  1   0.000000   -3.585772893    -1.834301927     5.160430212   0  0  0  # C/C
 1032  1   0.000000   -4.905304142    -2.026024506     5.580240686   0  0  0  # C/C
 1033  4   0.000000   -4.106337823    -0.907378744     6.274042710   0  0  0  # O/O
 1034  2   0.000000    7.896702384     1.259226052    -1.476312816   0  0  0  # H/H
 1035  2   0.000000    6.460516082     1.534717936    -0.317786529   0  0  0  # H/H
 1036  2   0.000000    6.402572538     1.620242276    -3.446565422   0  0  0  # H/H
 1037  2   0.000000    4.294152497     2.171244333    -1.160628329   0  0  0  # H/H
 1038  2   0.000000    4.176205699     2.778826692    -2.879604277   0  0  0  # H/H
 1039  2   0.000000    2.577624986    -1.364249856    -3.134052623   0  0  0  # H/H
 1040  2   0.000000    0.191257800    -1.683949215    -3.013166885   0  0  0  # H/H
 1041  2   0.000000   -0.260481791     2.313741790    -1.722456837   0  0  0  # H/H
 1042  2   0.000000    2.093336895     2.634466943    -1.839863663   0  0  0  # H/H
 1043  2   0.000000   -2.225704736     1.055837055    -2.500593852   0  0  0  # H/H
 1044  2   0.000000   -2.037401894    -0.609219063    -3.066828489   0  0  0  # H/H
 1045  2   0.000000   -1.900501200    -2.451725016    -1.437829519   0  0  0  # H/H
 1046  2   0.000000   -2.472293174    -3.247322651     0.764631469   0  0  0  # H/H
 1047  2   0.000000   -2.838886233     0.750817108     2.098714744   0  0  0  # H/H
 1048  2   0.000000   -2.274607992     1.530619504    -0.076467053   0  0  0  # H/H
 1049  2   0.000000   -2.422157944    -0.357071146     4.119699039   0  0  0  # H/H
 1050  2   0.000000   -4.186826055    -0.370430180     3.646689581   0  0  0  # H/H
 1051  2   0.000000   -2.781539256    -2.474681183     5.536569808   0  0  0  # H/H
 1052  2   0.000000   -5.132679541    -2.790921846     6.321828508   0  0  0  # H/H
 1053  2   0.000000   -5.738161405    -1.569562976     5.048168866   0  0  0  # H/H
 1054  1   0.000000   -32.483143240    0.216623503    -14.476412175  0  0  0  # C/C
 1055  1   0.000000   -32.730965180   -0.879497060    -15.230997782  0  0  0  # C/C
 1056  1   0.000000   -32.279285749   -0.961142929    -16.501577485  0  0  0  # C/C
 1057  1   0.000000   -31.579115294    0.086950181    -16.976828308  0  0  0  # C/C
 1058  1   0.000000   -31.308460091    1.193519345    -16.267926384  0  0  0  # C/C
 1059  1   0.000000   -31.775344194    1.237129499    -15.006164977  0  0  0  # C/C
 1060  1   0.000000   -30.511394164    2.348835937    -16.856722452  0  0  0  # C/C
 1061  1   0.000000   -30.016436875    2.215791221    -18.304184816  0  0  0  # C/C
 1062  1   0.000000   -32.453861752   -2.102624951    -17.503076418  0  0  0  # C/C
 1063  1   0.000000   -33.211532165   -3.397957268    -17.193586868  0  0  0  # C/C
 1064  1   0.000000   -32.968272533    0.361118971    -13.039460795  0  0  0  # C/C
 1065  3   0.000000   -31.536573353    2.270958862    -14.307764902  0  0  0  # N/N
 1066  3   0.000000   -33.397300327   -1.827906898    -14.716306154  0  0  0  # N/N
 1067  2   0.000000   -31.211098094    0.020562679    -18.011892698  0  0  0  # H/H
 1068  2   0.000000   -31.145322638    3.267610258    -16.805712972  0  0  0  # H/H
 1069  2   0.000000   -29.613324908    2.513141172    -16.212501169  0  0  0  # H/H
 1070  2   0.000000   -29.449751180    3.125917104    -18.609888823  0  0  0  # H/H
 1071  2   0.000000   -29.324081860    1.351490509    -18.426129655  0  0  0  # H/H
 1072  2   0.000000   -30.862057160    2.109014301    -19.021656071  0  0  0  # H/H
 1073  2   0.000000   -32.946846963   -1.662897510    -18.406160007  0  0  0  # H/H
 1074  2   0.000000   -31.425578569   -2.412156676    -17.817316052  0  0  0  # H/H
 1075  2   0.000000   -33.201457017   -4.074306049    -18.080202556  0  0  0  # H/H
 1076  2   0.000000   -32.733898436   -3.972789983    -16.367588471  0  0  0  # H/H
 1077  2   0.000000   -34.285931092   -3.208468912    -16.968449466  0  0  0  # H/H
 1078  2   0.000000   -33.547468043   -0.482908858    -12.617949743  0  0  0  # H/H
 1079  2   0.000000   -32.100868249    0.489693389    -12.352046592  0  0  0  # H/H
 1080  2   0.000000   -33.637621572    1.247038346    -12.946994396  0  0  0  # H/H
 1081  2   0.000000   -31.873142315    2.363729695    -13.320056485  0  0  0  # H/H
 1082  2   0.000000   -30.990162437    3.078345106    -14.691825656  0  0  0  # H/H
 1083  2   0.000000   -33.633211661   -2.705301828    -15.223348785  0  0  0  # H/H
 1084  2   0.000000   -33.766492888   -1.809511158    -13.739270889  0  0  0  # H/H
 1085  4   0.000000   30.718858672    -35.499159744    9.354507265   0  0  0  # O/O
 1086  1   0.000000   31.572995853    -34.227709114    9.196302114   0  0  0  # C/C
 1087  1   0.000000   32.059689526    -35.216382468   10.056444851   0  0  0  # C/C
 1088  1   0.000000   31.816159915    -35.092401689   11.556801777   0  0  0  # C/C
 1089  4   0.000000   32.998640112    -34.640187896   12.184069247   0  0  0  # O/O
 1090  1   0.000000   33.011171254    -34.468348550   13.547518398   0  0  0  # C/C
 1091  1   0.000000   34.127550820    -33.985305594   14.126840907   0  0  0  # C/C
 1092  1   0.000000   34.227130944    -33.782036681   15.448876209   0  0  0  # C/C
 1093  1   0.000000   33.196556371    -34.057539180   16.264615090   0  0  0  # C/C
 1094  1   0.000000   32.071912036    -34.533341945   15.705255377   0  0  0  # C/C
 1095  1   0.000000   31.984277711    -34.732290780   14.380502575   0  0  0  # C/C
 1096  1   0.000000   33.294069121    -33.823980416   17.755260506   0  0  0  # C/C
 1097  1   0.000000   32.862097744    -32.410608443   18.074548159   0  0  0  # C/C
 1098  1   0.000000   33.748058805    -31.402048660   18.106261129   0  0  0  # C/C
 1099  1   0.000000   33.351892847    -30.150841575   18.382980003   0  0  0  # C/C
 1100  1   0.000000   32.067456468    -29.834613976   18.638758864   0  0  0  # C/C
 1101  1   0.000000   31.191227825    -30.858736852   18.599092897   0  0  0  # C/C
 1102  1   0.000000   31.575751131    -32.115156244   18.323408660   0  0  0  # C/C
 1103  4   0.000000   31.753826708    -28.524704192   18.911879243   0  0  0  # O/O
 1104  1   0.000000   30.411177658    -28.179150550   19.184027532   0  0  0  # C/C
 1105  1   0.000000   30.316863037    -26.674523494   19.414501533   0  0  0  # C/C
 1106  1   0.000000   30.209307446    -26.183564377   20.718937058   0  0  0  # C/C
 1107  4   0.000000   28.902471506    -26.334434614   19.918627887   0  0  0  # O/O
 1108  2   0.000000   31.926910298    -34.182200685    8.167011018   0  0  0  # H/H
 1109  2   0.000000   30.999569241    -33.383312279    9.575033003   0  0  0  # H/H
 1110  2   0.000000   32.827102742    -35.920844107    9.719887271   0  0  0  # H/H
 1111  2   0.000000   30.994558028    -34.371585257   11.773207416   0  0  0  # H/H
 1112  2   0.000000   31.552290859    -36.102625524   11.947505341   0  0  0  # H/H
 1113  2   0.000000   34.995412578    -33.745525728   13.488375525   0  0  0  # H/H
 1114  2   0.000000   35.166184857    -33.381512190   15.865327430   0  0  0  # H/H
 1115  2   0.000000   31.201965260    -34.762876558   16.343166240   0  0  0  # H/H
 1116  2   0.000000   31.028128460    -35.123732898   13.998667389   0  0  0  # H/H
 1117  2   0.000000   32.665648692    -34.558415411   18.309317102   0  0  0  # H/H
 1118  2   0.000000   34.334123226    -34.005852348   18.110927864   0  0  0  # H/H
 1119  2   0.000000   34.813381998    -31.598884700   17.901105557   0  0  0  # H/H
 1120  2   0.000000   34.109281069    -29.348101210   18.400076124   0  0  0  # H/H
 1121  2   0.000000   30.118790973    -30.697902762   18.791630407   0  0  0  # H/H
 1122  2   0.000000   30.818895422    -32.917196280   18.299179800   0  0  0  # H/H
 1123  2   0.000000   29.777349072    -28.432987819   18.302719269   0  0  0  # H/H
 1124  2   0.000000   30.066968079    -28.746057163   20.079254765   0  0  0  # H/H
 1125  2   0.000000   30.601847134    -26.012587675   18.590497063   0  0  0  # H/H
 1126  2   0.000000   30.367457027    -25.123557064   20.914111892   0  0  0  # H/H
 1127  2   0.000000   30.164991476    -26.857175309   21.572982242   0  0  0  # H/H
 1128  4   0.000000   28.041919170    26.900987235    -27.952571103  0  0  0  # O/O
 1129  1   0.000000   29.550385576    26.853645435    -27.646869031  0  0  0  # C/C
 1130  1   0.000000   28.901424622    28.076463705    -27.452558917  0  0  0  # C/C
 1131  1   0.000000   28.964932016    29.141517758    -28.542226519  0  0  0  # C/C
 1132  4   0.000000   29.906096882    30.128637736    -28.173412130  0  0  0  # O/O
 1133  1   0.000000   30.117962468    31.198968328    -29.008986649  0  0  0  # C/C
 1134  1   0.000000   31.056611005    32.104848926    -28.671988629  0  0  0  # C/C
 1135  1   0.000000   31.332772234    33.176950982    -29.429183417  0  0  0  # C/C
 1136  1   0.000000   30.670958149    33.394523080    -30.577260070  0  0  0  # C/C
 1137  1   0.000000   29.736028456    32.498709054    -30.934359690  0  0  0  # C/C
 1138  1   0.000000   29.468808983    31.429266118    -30.168124765  0  0  0  # C/C
 1139  1   0.000000   30.979909418    34.594641733    -31.443485514  0  0  0  # C/C
 1140  1   0.000000   32.079922359    34.243458763    -32.419603469  0  0  0  # C/C
 1141  1   0.000000   33.372290205    34.440028592    -32.112567309  0  0  0  # C/C
 1142  1   0.000000   34.339936618    34.117306866    -32.983515687  0  0  0  # C/C
 1143  1   0.000000   34.080960181    33.585221806    -34.193894233  0  0  0  # C/C
 1144  1   0.000000   32.778457095    33.391430775    -34.483908783  0  0  0  # C/C
 1145  1   0.000000   31.801131637    33.710522859    -33.620505720  0  0  0  # C/C
 1146  4   0.000000   35.136973417    33.285245635    -35.020739049  0  0  0  # O/O
 1147  1   0.000000   34.879957695    32.728782769    -36.293716063  0  0  0  # C/C
 1148  1   0.000000   36.204446042    32.451532680    -36.997121420  0  0  0  # C/C
 1149  1   0.000000   36.649999548    33.324217777    -37.994148949  0  0  0  # C/C
 1150  4   0.000000   35.920345670    32.049245101    -38.455805386  0  0  0  # O/O
 1151  2   0.000000   29.705071623    26.181764146    -26.803415198  0  0  0  # H/H
 1152  2   0.000000   30.078727648    26.636786103    -28.573738960  0  0  0  # H/H
 1153  2   0.000000   28.584458676    28.387516530    -26.451939619  0  0  0  # H/H
 1154  2   0.000000   29.268738218    28.700424680    -29.519250612  0  0  0  # H/H
 1155  2   0.000000   27.955222385    29.606038297    -28.629033665  0  0  0  # H/H
 1156  2   0.000000   31.622776569    31.958997817    -27.735772592  0  0  0  # H/H
 1157  2   0.000000   32.114425674    33.882782750    -29.102850527  0  0  0  # H/H
 1158  2   0.000000   29.178179246    32.640207315    -31.875213718  0  0  0  # H/H
 1159  2   0.000000   28.689282218    30.740447821    -30.530221171  0  0  0  # H/H
 1160  2   0.000000   30.067841366    34.930553523    -31.988077884  0  0  0  # H/H
 1161  2   0.000000   31.277771177    35.463749057    -30.813231563  0  0  0  # H/H
 1162  2   0.000000   33.646352015    34.868896298    -31.134452104  0  0  0  # H/H
 1163  2   0.000000   35.390775275    34.293671059    -32.695496458  0  0  0  # H/H
 1164  2   0.000000   32.468395413    32.958642261    -35.448074202  0  0  0  # H/H
 1165  2   0.000000   30.750884231    33.528419912    -33.904239261  0  0  0  # H/H
 1166  2   0.000000   34.344553539    31.758442058    -36.172647546  0  0  0  # H/H
 1167  2   0.000000   34.254341871    33.440871825    -36.879232208  0  0  0  # H/H
 1168  2   0.000000   36.892891794    31.741053976    -36.528484258  0  0  0  # H/H
 1169  2   0.000000   37.681163701    33.269813099    -38.341223336  0  0  0  # H/H
 1170  2   0.000000   36.055917914    34.184767760    -38.296852616  0  0  0  # H/H
