4   # Number of backbone atoms
H_            
C_3   1   1.09
C_3   2   1.53   1  112
H_    3   1.09   2  112   1  180
H_    2   1.09   1  112   3  240
H_    2   1.09   1  112   3  120
C_2   3   1.53   2  112   1  60  
C_3   3   1.53   2  112   1  300
H_    8   1.09   3  112   2  300
H_    8   1.09   3  112   2  180
H_    8   1.09   3  112   2  60
O_2   7   1.23   3  120   2  240 
O_3   7   1.36   3  120   2  60  
C_3  13   1.43   7  109   3  180
H_   14   1.09  13  112   7  180
H_   14   1.09  13  112   7  60
H_   14   1.09  13  112   7  300