HEADER,  pre_reaction_1.mol converted to generic lammps datafile class with mol2lmp > atom_typing v1.0 / 16 Jan 2023

23 atoms
22 bonds

4 atom types
1 bond types

 -5.0810478261   5.9559521739    xlo  xhi  
 -2.8117130435   3.5794869565    ylo  yhi  
 -2.2163130435   0.9428869565    zlo  zhi  

Masses

 1   12.00000  #  C    
 2   1.00800   #  H    
 3   14.00000  #  N    
 4   15.99900  #  O    

Bond Coeffs

 1  #      1

Atoms # full

 1  1  1   0.000000   -2.510847826     3.329486957    -0.092913043   0  0  0    #   C 
 2  1  1   0.000000   -2.096047826     2.059786957    -0.150913043   0  0  0    #   C 
 3  1  1   0.000000   -0.747947826     1.687686957     0.383086957   0  0  0    #   C 
 4  1  4   0.000000   -2.895947826     1.109786957    -0.692913043   0  0  0    #   O 
 5  1  1   0.000000   -2.273747826    -0.145913043    -0.654913043   0  0  0    #   C 
 6  1  1   0.000000   -3.185747826    -1.177213043    -1.262913043   0  0  0    #   C 
 7  1  1   0.000000   -3.809847826    -2.237913043    -0.400513043   0  0  0    #   C 
 8  1  4   0.000000   -2.774247826    -2.547913043    -1.341713043   0  0  0    #   O 
 9  1  2   0.000000   -1.322947826    -0.105813043    -1.232113043   0  0  0    #   H 
10  1  2   0.000000   -2.056047826    -0.420213043     0.401586957   0  0  0    #   H 
11  1  2   0.000000   -3.549947826    -0.432713043    -1.966313043   0  0  0    #   H 
12  1  2   0.000000   -4.831047826    -2.561713043    -0.584213043   0  0  0    #   H 
13  1  2   0.000000   -3.960947826    -2.384013043     0.665886957   0  0  0    #   H 
14  2  3   0.000000    2.285552174     0.395086957     0.692886957   0  0  0    #   N 
15  2  1   0.000000    3.551552174     0.383086957     0.692886957   0  0  0    #   C 
16  2  1   0.000000    4.230952174     1.534686957     0.692886957   0  0  0    #   C 
17  2  1   0.000000    4.209052174    -0.781013043     0.692886957   0  0  0    #   C 
18  2  1   0.000000    5.567852174     1.521986957     0.692886957   0  0  0    #   C 
19  2  1   0.000000    5.705952174    -0.795113043     0.692886957   0  0  0    #   C 
20  2  1   0.000000    3.494752174     2.838086957     0.692886957   0  0  0    #   C 
21  2  1   0.000000    3.448352174    -2.070313043     0.692886957   0  0  0    #   C 
22  2  2   0.000000    1.752052174    -0.509213043     0.692886957   0  0  0    #   H 
23  2  2   0.000000    1.769252174     1.309386957     0.692886957   0  0  0    #   H 

Bonds

1  1  1  2 
2  1  2  3 
3  1  2  4 
4  1  4  5 
5  1  5  6 
6  1  5  9 
7  1  5  10
8  1  6  7 
9  1  6  8 
10 1  6  11
11 1  7  8 
12 1  7  12
13 1  7  13
14 1  14 15
15 1  14 22
16 1  14 23
17 1  15 16
18 1  15 17
19 1  16 18
20 1  16 20
21 1  17 19
22 1  17 21
