HEADER,  post_reaction_1.mol converted to generic lammps datafile class with mol2lmp > atom_typing v1.0 / 16 Jan 2023

23 atoms
22 bonds

4 atom types
1 bond types

 -3.4176608696   4.5907391304    xlo  xhi  
 -3.6980347826   3.1303652174    ylo  yhi  
 -1.7246347826   1.8471652174    zlo  zhi  

Masses

 1   12.00000  #  C    
 2   1.00800   #  H    
 3   14.00000  #  N    
 4   15.99900  #  O    

Bond Coeffs

 1  #      1

Atoms # full

 1  1  1   0.000000   -2.702960870    -3.448034783     0.414065217   0  0  0    #   C 
 2  1  1   0.000000   -2.597060870    -2.226334783    -0.118734783   0  0  0    #   C 
 3  1  1   0.000000   -3.167660870    -1.949034783    -1.474634783   0  0  0    #   C 
 4  1  4   0.000000   -1.973260870    -1.239234783     0.568765217   0  0  0    #   O 
 5  1  1   0.000000   -1.972460870    -0.044934783    -0.165534783   0  0  0    #   C 
 6  1  1   0.000000   -1.265460870     1.042265217     0.632865217   0  0  0    #   C 
 7  1  1   0.000000    0.170339130     0.616965217     0.910465217   0  0  0    #   C 
 8  1  4   0.000000   -1.264760870     2.235765217    -0.102834783   0  0  0    #   O 
 9  1  3   0.000000    0.875039130     0.408165217    -0.362634783   0  0  0    #   N 
10  1  1   0.000000    2.088939130     0.048665217    -0.362634783   0  0  0    #   C 
11  1  1   0.000000    3.058739130     0.968965217    -0.362634783   0  0  0    #   C 
12  1  1   0.000000    2.401039130    -1.251434783    -0.362634783   0  0  0    #   C 
13  1  1   0.000000    4.340739130     0.589165217    -0.362634783   0  0  0    #   C 
14  1  1   0.000000    3.836339130    -1.676634783    -0.362634783   0  0  0    #   C 
15  1  1   0.000000    2.709339130     2.424565217    -0.362634783   0  0  0    #   C 
16  1  1   0.000000    1.315139130    -2.281834783    -0.362634783   0  0  0    #   C 
17  1  2   0.000000   -1.438860870    -0.203034783    -1.129434783   0  0  0    #   H 
18  1  2   0.000000   -3.021660870     0.266465217    -0.368034783   0  0  0    #   H 
19  1  2   0.000000   -1.798460870     1.200165217     1.597165217   0  0  0    #   H 
20  1  2   0.000000    0.686239130     1.412465217     1.493365217   0  0  0    #   H 
21  1  2   0.000000    0.170139130    -0.330834783     1.493965217   0  0  0    #   H 
22  1  2   0.000000   -0.821060870     2.880365217     0.421565217   0  0  0    #   H 
23  1  2   0.000000    0.371639130     0.557365217    -1.271934783   0  0  0    #   H 

Bonds

1  1  1  2 
2  1  2  3 
3  1  2  4 
4  1  4  5 
5  1  5  6 
6  1  5  17
7  1  5  18
8  1  6  7 
9  1  6  8 
10 1  6  19
11 1  7  9 
12 1  7  20
13 1  7  21
14 1  8  22
15 1  9  10
16 1  9  23
17 1  10 11
18 1  10 12
19 1  11 13
20 1  11 15
21 1  12 14
22 1  12 16
