HEADER,  pre_reaction_2.mol converted to generic lammps datafile class with mol2lmp > atom_typing v1.0 / 16 Jan 2023

36 atoms
35 bonds

4 atom types
1 bond types

 -8.3354916667   7.1271083333    xlo  xhi  
 -3.5065694444   3.0374305556    ylo  yhi  
-10.3870083333   6.5677916667    zlo  zhi  

Masses

 1   12.00000  #  C    
 2   1.00800   #  H    
 3   14.00000  #  N    
 4   15.99900  #  O    

Bond Coeffs

 1  #      1

Atoms # full

 1  1  1   0.000000   -0.812291667     0.063130556     2.879391667   0  0  0    #   C 
 2  1  1   0.000000    0.203808333     0.911830556     3.066091667   0  0  0    #   C 
 3  1  1   0.000000    0.472808333     1.989730556     2.062591667   0  0  0    #   C 
 4  1  4   0.000000    0.990208333     0.796330556     4.163491667   0  0  0    #   O 
 5  1  1   0.000000    1.990108333     1.779030556     4.165091667   0  0  0    #   C 
 6  1  1   0.000000    2.855008333     1.622230556     5.408891667   0  0  0    #   C 
 7  1  1   0.000000    3.500108333     0.242630556     5.408891667   0  0  0    #   C 
 8  1  4   0.000000    3.854908333     2.604930556     5.408891667   0  0  0    #   O 
 9  1  3   0.000000    4.336208333     0.091830556     4.209291667   0  0  0    #   N 
10  1  1   0.000000    4.968108333    -0.986869444     4.009591667   0  0  0    #   C 
11  1  1   0.000000    6.209808333    -1.131869444     4.483691667   0  0  0    #   C 
12  1  1   0.000000    4.393708333    -1.981069444     3.324491667   0  0  0    #   C 
13  1  1   0.000000    6.877108333    -2.271069444     4.272691667   0  0  0    #   C 
14  1  1   0.000000    5.140908333    -3.256569444     3.088391667   0  0  0    #   C 
15  1  1   0.000000    6.852908333    -0.018669444     5.250691667   0  0  0    #   C 
16  1  1   0.000000    3.003408333    -1.818669444     2.793691667   0  0  0    #   C 
17  1  2   0.000000    2.623208333     1.664930556     3.256891667   0  0  0    #   H 
18  1  2   0.000000    1.519008333     2.787430556     4.165791667   0  0  0    #   H 
19  1  2   0.000000    2.222108333     1.735630556     6.317391667   0  0  0    #   H 
20  1  2   0.000000    4.132408333     0.129230556     6.317791667   0  0  0    #   H 
21  1  2   0.000000    2.706508333    -0.537869444     5.408191667   0  0  0    #   H 
22  1  2   0.000000    4.366108333     2.475430556     6.189491667   0  0  0    #   H 
23  1  2   0.000000    4.409408333     0.878830556     3.518091667   0  0  0    #   H 
24  2  4   0.000000   -5.008791667    -2.224969444    -6.100308333   0  0  0    #   O 
25  2  1   0.000000   -4.175391667    -1.083469444    -6.339108333   0  0  0    #   C 
26  2  1   0.000000   -5.667391667    -1.018569444    -6.506908333   0  0  0    #   C 
27  2  1   0.000000   -6.271391667    -0.911169444    -7.881208333   0  0  0    #   C 
28  2  4   0.000000   -6.852891667     0.354630556    -8.039208333   0  0  0    #   O 
29  2  1   0.000000   -8.085491667     1.755830556    -9.658808333   0  0  0    #   C 
30  2  1   0.000000   -7.405791667     0.479930556    -9.270008333   0  0  0    #   C 
31  2  1   0.000000   -7.344191667    -0.535869444    -10.137008333  0  0  0    #   C 
32  2  2   0.000000   -3.695391667    -0.572869444    -5.508208333   0  0  0    #   H 
33  2  2   0.000000   -3.312291667    -0.867569444    -6.963608333   0  0  0    #   H 
34  2  2   0.000000   -6.468291667    -0.398469444    -6.112208333   0  0  0    #   H 
35  2  2   0.000000   -7.051491667    -1.695369444    -8.005308333   0  0  0    #   H 
36  2  2   0.000000   -5.476791667    -1.052569444    -8.647608333   0  0  0    #   H 

Bonds

1  1  1  2 
2  1  2  3 
3  1  2  4 
4  1  4  5 
5  1  5  6 
6  1  5  17
7  1  5  18
8  1  6  7 
9  1  6  8 
10 1  6  19
11 1  7  9 
12 1  7  20
13 1  7  21
14 1  8  22
15 1  9  10
16 1  9  23
17 1  10 11
18 1  10 12
19 1  11 13
20 1  11 15
21 1  12 14
22 1  12 16
23 1  24 25
24 1  24 26
25 1  25 26
26 1  25 32
27 1  25 33
28 1  26 27
29 1  26 34
30 1  27 28
31 1  27 35
32 1  27 36
33 1  28 30
34 1  29 30
35 1  30 31
